67.904
13.632
10.24
10.24
10.24
10.24
10.24
10.24
10.24
10.272
9.92
8.832
10.08
10.144
10.176
10.048
8.928
9.184
10.24
10.08
10.144
9.664
10.24
10.24
12.448
10.24
10.048
9.888
10.016
9.856
9.152
10.24
9.792
9.056
10.24
10.048
10.016
8.96
28.192
10.24
10.24
10.24
9.888
8.8
10.24
10.24
10.24
9.952
8.864
9.216
9.92
9.76
8.992
10.24
10.24
9.184
10.24
10.24
10.24
10.016
9.824
10.08
10.112
10.24
10.24
10.24
10.24
8.832
9.92
9.888
10.24
9.952
8.416
10.24
10.24
9.632
9.184
10.24
10.016
10.112
9.088
9.088
10.24
10.08
10.24
9.696
10.496
8.928
9.984
10.016
9.024
10.144
10.144
9.76
10.24
8.992
10.176
10.24
10.24
10.176
9.76
8.96
22.528
9.888
10.24
10.24
10.304
9.6
10.24
9.76
10.24
8.992
10.208
9.888
10.24
10.24
10.144
9.696
10.208
10.24
9.952
9.984
11.424
9.504
9.216
10.24
10.304
9.76
9.184
10.752
10.24
10.24
10.048
9.568
10.24
10.08
10.24
8.992
10.176
9.952
10.208
10.24
9.088
9.952
10.336
10.176
10.24
10.08
10.016
10.24
26.624
11.264
10.24
10.24
10.56
10.272
11.296
10.24
10.496
10.304
11.328
10.24
10.464
10.368
10.24
10.4
10.432
10.368
10.24
10.24
10.464
10.208
11.552
10.24
10.24
10.24
10.24
10.656
10.016
9.888
9.984
9.856
10.24
8.992
10.592
10.208
10.24
8.96
10.08
9.92
10.24
10.24
9.216
10.112
10.24
10.048
10.08
10.176
10.24
10.432
10.176
11.744
9.984
10.24
16.384
10.24
10.24
9.888
10.304
9.152
10.176
10.176
9.92
10.24
10.08
9.056
10.304
9.824
9.216
10.112
9.504
8.832
9.984
10.24
10.24
10.24
10.208
9.856
9.216
10.08
8.832
10.208
10.24
10.24
9.952
10.24
10.24
9.76
10.24
10.24
10.24
10.24
10.24
10.016
8.992
10.24
9.856
9.856
10.24
10.112
10.24
10.24
9.888
10.24
9.824
10.048
9.952
10.24
10.24
10.24
10.24
9.888
10.24
10.24
9.76
10.4
9.696
10.176
9.184
10.24
10.24
9.984
10.048
9.184
10.24
10.24
10.24
10.24
10.08
10.24
10.24
10.048
10.112
8.832
10.24
10.24
9.888
10.4
10.24
10.208
9.984
9.824
10.144
8.992
10.24
10.112
10.112
10.24
10.176
9.888
9.856
9.152
10.24
10.176
8.896
10.24
9.92
10.272
10.24
10.24
10.24
9.856
9.12
10.144
9.824
10.08
10.24
10.24
9.92
10.24
10.08
9.024
10.24
9.92
10.208
8.96
10.24
10.112
9.024
10.24
10.08
9.856
9.952
10.24
10.24
9.92
9.152
10.24
9.888
10.208
9.888
10.24
10.112
8.992
10.24
10.24
9.888
10.176
9.792
10.24
10.24
10.24
9.888
10.016
9.888
8.928
10.016
10.208
10.24
10.24
10.08
10.176
10.112
10.24
10.08
10.24
10.24
10.336
10.208
10.176
9.984
10.24
9.888
9.92
10.24
10.336
10.016
9.696
10.272
9.632
11.296
10.24
10.24
10.24
9.92
10.464
8.928
10.24
10.24
10.368
10.176
10.24
11.456
10.24
10.24
9.984
9.952
10.112
10.24
10.24
10.016
10.4
10.176
10.24
9.952
10.016
10.336
10.24
10.24
10.24
10.24
10.4
10.048
10.144
10.208
10.176
10.24
10.112
10.048
10.24
10.24
9.92
10.24
10.048
10.24
10.08
10.24
10.24
10.336
9.984
10.144
10.592
10.24
10.24
10.624
10.24
10.24
10.24
10.24
9.952
10.048
9.12
10.208
10.24
10.016
10.272
9.088
10.208
10.272
10.144
10.144
9.696
9.056
10.24
9.888
10.24
10.08
10.24
10.24
9.824
10.24
10.496
12.8
10.24
10.048
9.728
10.272
8.96
10.176
10.016
9.184
10.24
10.24
10.112
10.208
8.544
10.24
10.24
10.24
10.24
9.984
10.272
10.016
9.952
9.216
9.984
10.08
9.888
10.24
10.304
10.24
14.336
10.24
10.048
8.896
10.208
10.016
10.24
9.984
10.24
10.24
9.76
10.208
10.24
10.24
9.056
10.24
10.24
10.016
9.952
9.088
9.824
10.4
9.824
9.888
10.24
9.92
10.24
10.24
10.24
10.24
10.24
10.24
10.24
10.24
10.24
9.952
10.24
10.08
9.184
10.24
10.144
10.08
9.856
10.24
10.368
9.12
11.264
10.24
9.984
10.24
10.24
10.24
9.856
9.088
10.24
9.984
10.304
9.184
10.24
9.856
10.208
9.152
11.36
9.856
10.208
10.24
9.888
9.92
9.024
10.24
10.112
9.664
10.144
9.12
10.24
9.984
10.176
10.432
9.952
9.92
10.24
10.24
10.24
10.24
10.24
9.92
10.496
10.176
9.952
10.24
10.208
10.112
10.24
9.984
9.984
8.992
9.792
9.12
10.016
9.024
10.24
10.048
10.24
10.112
10.24
10.24
10.24
9.952
10.144
10.176
10.176
10.304
10.24
10.24
10.08
10.304
10.24
10.24
10.24
10.24
10.24
10.304
10.24
10.336
10.144
10.24
10.272
10.208
10.144
10.24
10.24
10.24
10.048
10.08
10.24
10.144
11.456
10.24
10.24
10.496
10.24
10.816
23.552
11.552
10.048
10.048
10.24
9.024
10.208
10.176
10.24
10.144
10.24
10.208
10.368
10.016
10.176
10.24
10.144
10.24
10.24
10.112
9.984
10.048
10.016
10.432
10.24
10.24
10.048
10.144
10.24
9.984
10.336
10.24
10.432
10.24
10.112
10.048
10.08
10.112
10.24
10.24
5.408
10.048
10.24
10.368
10.176
10.24
9.088
10.624
10.24
10.72
10.112
10.24
10.016
10.112
9.92
10.08
10.208
9.024
10.24
10.24
10.24
10.24
9.824
10.048
10.24
10.24
10.208
9.696
10.24
10.24
9.856
10.24
10.304
8.96
10.24
9.888
10.08
10.176
10.24
10.24
10.24
9.92
10.24
10.24
10.24
10.272
9.984
10.24
10.24
9.824
26.752
10.08
10.24
10.048
10.048
10.24
10.24
10.464
10.304
10.24
10.24
10.784
10.176
10.24
10.208
10.368
10.24
10.24
9.152
10.4
10.24
10.112
10.144
10.432
10.24
10.24
10.4
10.24
10.24
10.24
10.432
9.92
10.24
10.24
10.24
9.12
10.4
10.304
10.144
10.24
10.24
10.016
10.336
10.24
10.24
10.048
10.24
10.24
10.592
9.984
10.496
10.24
10.336
9.888
10.048
9.856
10.24
10.24
10.08
8.832
10.24
9.984
10.048
10.24
10.208
10.272
10.592
10.176
9.952
11.264
10.24
9.824
9.888
10.24
9.984
11.296
10.24
10.24
10.24
10.432
9.632
8.96
10.24
9.888
8.992
10.24
9.856
10.24
10.24
10.016
9.92
9.088
10.24
10.24
10.24
10.24
10.208
10.4
10.24
9.984
10.112
10.24
10.24
10.24
9.888
10.24
9.984
9.856
10.24
10.24
10.24
10.016
10.24
10.016
9.984
10.24
10.08
8.96
10.24
10.24
10.176
10.304
9.856
10.24
10.24
9.568
9.088
10.24
9.888
10.272
9.056
10.24
10.24
10.208
10.272
9.568
9.184
10.304
8.928
10.24
10.24
9.76
10.112
9.952
9.824
9.152
10.24
10.24
10.144
10.24
10.112
9.792
9.856
10.24
10.24
10.24
10.08
10.24
10.208
10.24
9.856
10.144
10.016
9.952
9.888
10.24
9.92
8.928
10.24
10.176
10.208
9.952
10.208
8.992
10.24
9.184
10.24
10.24
9.792
9.216
10.24
10.24
10.016
8.864
10.24
10.176
8.928
10.24
10.048
9.952
9.024
10.24
10.112
9.92
10.24
10.24
10.24
10.272
9.984
10.048
9.984
10.24
10.24
9.92
9.984
10.24
9.952
9.024
10.112
10.24
10.048
9.92
8.96
10.24
10.016
9.92
10.24
10.24
10.24
10.144
10.24
10.24
10.24
14.24
10.24
9.76
10.208
9.856
9.824
9.952
9.568
9.952
10.048
10.24
10.24
10.24
9.856
9.92
10.016
10.208
10.24
9.952
8.8
10.24
10.24
10.24
9.856
9.024
10.24
9.824
10.24
10.24
10.304
10.208
9.888
9.632
10.24
9.696
10.24
10.24
10.08
9.952
10.24
10.144
9.76
10.24
10.144
10.24
10.048
9.856
10.24
10.24
9.984
10.24
10.048
10.08
10.24
