85.92
22.208
20.064
20.256
26.272
19.488
27.904
27.968
25.152
20.064
26.912
26.816
25.408
27.168
29.92
25.856
24.96
26.88
24.576
22.624
26.464
27.392
24.864
26.656
25.28
24.576
27.232
24.96
25.888
27.616
24.96
26.944
26.944
22.144
25.28
24.704
26.944
27.424
27.424
27.392
27.552
24.896
25.28
26.432
26.24
25.504
25.376
24.992
25.024
24.704
26.4
26.272
25.504
27.296
25.76
25.92
27.456
27.328
27.04
24.864
25.024
25.056
25.632
25.408
19.936
25.216
25.088
25.12
25.632
27.136
25.248
27.872
19.008
19.552
26.368
27.872
20.16
27.488
28.224
28.096
27.008
25.312
26.816
25.536
26.528
25.12
26.944
26.144
27.424
26.72
24.896
27.936
25.856
28
25.824
25.248
27.04
26.08
19.936
27.168
26.752
25.632
25.504
21.856
25.056
27.872
28.192
25.152
26.048
27.584
27.712
24.288
27.2
24.256
24.448
24.448
24.992
26.944
25.568
25.952
27.616
25.44
24.992
25.92
27.584
25.536
26.944
24.992
25.792
27.136
24.576
25.12
24.704
26.88
26.336
25.376
26.176
26.4
24.576
27.552
26.912
27.456
27.36
24.864
25.696
25.088
25.152
26.56
28.16
27.456
25.824
25.152
28.128
27.52
26.912
25.728
27.168
25.024
26.944
26.592
20.192
25.504
24.416
26.592
24.512
24.992
25.056
26.816
24.768
26.976
24.928
28
24.896
25.376
25.696
25.6
26.4
25.984
27.68
24.704
26.944
27.168
26.688
24.8
24.992
24.768
24.704
26.304
27.232
27.168
24.48
25.504
27.616
26.944
21.568
26.848
26.272
27.84
20.064
27.552
25.408
26.784
27.296
26.432
26.368
24.576
25.344
25.056
25.184
27.104
27.52
25.696
24.128
27.392
25.216
26.88
25.472
27.744
25.248
26.304
25.792
27.488
27.488
26.048
26.048
26.88
27.232
25.696
25.216
20.128
25.504
25.312
27.456
27.04
26.368
24.992
24.704
26.848
24.576
26.752
25.504
24.96
25.024
24.832
24.736
27.104
25.44
25.248
25.856
27.872
27.36
26.048
19.36
28.128
27.936
28.32
24.416
25.248
26.944
20.192
25.344
20.128
25.216
28.384
27.072
26.048
24.992
27.328
27.04
25.824
24.352
24.992
25.28
25.024
25.856
25.44
25.76
28.128
26.24
26.912
24.48
27.392
27.84
25.536
27.456
26.752
27.84
25.792
26.112
25.184
25.376
24.928
27.712
25.632
25.536
26.368
20.48
25.216
26.496
26.912
25.344
25.376
27.68
25.952
25.152
26.912
24.864
24.928
27.232
24.576
24.32
25.376
24.448
26.4
26.912
26.528
27.872
25.44
25.952
26.336
24.992
27.872
25.408
25.472
27.136
27.84
24.544
27.872
25.216
25.664
24.896
26.144
27.296
27.072
20.064
24.704
24.736
24.8
26.368
27.328
27.584
26.944
27.712
27.264
26.592
26.848
27.776
25.792
25.728
25.952
25.504
26.24
27.264
27.136
25.28
25.888
27.872
27.008
24.736
25.28
25.12
20.128
27.2
27.168
25.024
27.488
25.632
27.136
25.536
19.904
27.968
25.696
24.576
26.56
25.6
24.96
27.04
27.648
25.664
24.256
25.216
27.04
26.976
25.664
25.76
26.176
25.6
24.704
20.512
27.52
24.64
22.176
26.24
27.648
27.584
27.04
25.184
25.344
26.752
26.336
27.552
26.016
20.416
26.176
27.84
26.112
25.152
25.248
24.8
27.392
26.848
25.472
27.648
24.768
24.768
25.568
26.592
25.6
24.736
24.832
26.72
27.616
25.664
27.296
27.456
25.856
25.344
26.464
26.752
24.48
25.984
27.232
24.96
24.704
27.616
27.456
25.76
25.728
20.16
25.824
27.232
25.408
27.808
26.368
24.224
27.456
27.904
25.504
26.752
27.392
25.6
25.984
25.504
25.12
24.64
26.976
24.992
24.512
27.936
20.064
20.384
20.192
26.24
20.064
24.704
19.232
26.272
25.312
25.024
26.688
24.64
27.712
26.816
25.12
25.632
24.544
25.088
25.12
25.152
26.368
26.752
25.28
27.008
19.52
26.912
26.784
26.304
26.208
27.328
25.312
25.344
25.408
25.056
27.168
26.944
26.048
27.264
19.744
19.424
24.992
19.808
19.36
20.64
19.776
27.712
26.528
25.696
27.072
27.072
28.32
20.256
27.84
26.144
19.52
25.12
27.904
20.224
25.696
20
20.096
26.208
26.208
25.728
20.512
28.288
20
20.544
20.48
19.936
24.672
28.384
24.928
27.2
27.776
25.664
25.344
26.592
27.36
27.168
24.384
24.832
26.4
24.736
27.04
25.024
24.736
27.424
27.744
27.328
27.456
25.536
27.04
25.632
26.944
24.928
27.712
24.832
25.152
27.68
24.864
20.384
20
28.256
28.16
19.648
20.16
25.6
27.936
26.496
26.624
24.512
24.544
24.736
24.416
25.6
25.056
27.04
26.176
25.088
24.864
26.912
27.04
26.176
20.832
24.384
26.304
28.224
26.08
27.776
27.2
27.136
27.872
27.296
26.4
26.944
27.968
25.312
25.12
25.152
25.856
25.568
26.016
27.68
27.136
26.784
24.704
26.848
25.92
25.024
25.024
24.544
25.696
27.648
19.52
25.312
24.736
24.352
25.856
25.248
26.496
26.944
25.792
27.168
26.752
27.2
27.968
24.896
26.848
24.704
19.36
24.192
24.768
26.816
25.824
25.536
25.856
25.92
24.704
26.688
25.536
25.408
25.952
25.824
26.464
25.28
26.272
27.52
25.536
26.944
27.232
25.12
27.072
27.36
24.32
24.704
26.432
26.336
27.552
25.024
27.168
19.296
25.696
24.864
25.536
27.712
27.04
27.648
20
27.2
24.832
24.832
24.48
26.4
26.72
27.136
20.224
27.424
26.24
27.904
27.488
26.4
26.688
26.592
25.536
26.752
26.848
25.472
20.32
27.488
24.736
25.664
25.312
27.136
27.2
27.808
27.328
25.248
25.152
25.696
25.76
25.824
27.68
25.344
24.896
25.792
25.472
24.928
24.64
20.16
19.328
25.632
24.992
25.088
24.864
26.656
24.864
25.12
27.648
27.52
25.376
24.96
28.064
26.88
27.584
26.912
27.328
26.4
27.648
25.888
27.584
27.2
27.392
25.184
26.368
27.456
27.296
26.976
26.336
25.952
25.696
27.104
26.592
26.4
26.944
27.744
27.104
25.12
25.536
27.296
26.688
26.848
20.032
24.736
19.36
25.504
19.904
27.328
19.936
26.944
25.344
25.632
26.528
26.688
23.808
24.64
25.632
19.552
25.312
27.616
27.808
25.664
26.56
24.8
24.736
27.488
27.52
26.592
26.432
27.008
26.368
27.136
25.024
20.576
24.224
24.864
27.776
25.12
27.072
25.152
25.44
26.464
27.456
25.376
27.648
27.36
24.96
24.8
26.688
26.656
27.808
27.552
27.04
27.392
25.664
24.288
26.144
26.272
26.816
26.848
27.776
25.824
27.68
25.184
27.904
27.456
26.272
19.168
27.648
24.992
27.776
24.832
24.64
26.656
24.896
27.904
24.128
24.832
27.936
25.056
25.824
25.792
25.248
24.352
26.752
24.64
27.68
19.904
27.776
24.576
26.016
25.568
24.736
25.344
25.248
26.944
24.928
25.184
26.08
27.36
24.992
27.52
25.344
24.992
25.12
27.392
26.368
24.48
24.8
24.192
24.224
24.96
24.768
26.08
25.504
27.52
27.072
26.848
25.152
26.944
26.56
24.608
25.696
25.504
20
25.824
27.488
25.472
27.232
26.368
25.536
26.944
27.712
25.6
24.8
24.896
20.352
25.056
19.488
20.096
26.272
19.328
27.328
25.088
27.488
25.44
25.024
25.6
20.192
25.44
19.264
25.248
25.728
26.432
25.504
26.976
25.024
25.056
27.072
24.8
27.008
26.4
27.232
25.312
25.536
27.2
24.96
25.344
24.512
26.208
25.536
27.104
27.52
27.264
26.176
24.864
25.6
27.296
26.816
26.912
26.336
25.888
27.264
27.84
20.512
27.68
20.256
20.128
24.576
25.984
20
25.696
19.616
20.064
28.192
19.84
27.712
25.376
25.632
20.16
19.552
28.352
25.696
28.192
24.928
25.6
28.128
25.504
27.84
20.352
25.632
20
27.424
27.776
25.824
20.096
25.76
27.296
27.168
26.304
25.312
25.408
25.12
28.064
27.072
26.976
27.328
27.136
27.584
27.264
27.04
26.528
25.664
25.696
25.664
25.216
27.872
25.088
27.04
27.072
25.28
25.408
25.44
26.496
26.112
26.656
25.248
25.472
25.344
25.248
19.264
