70.88
14.08
12.192
10.592
12.288
11.968
10.56
11.04
11.52
15.648
11.104
11.168
11.872
11.392
11.584
11.04
10.848
11.52
11.072
12.16
11.424
10.88
11.968
10.688
10.88
10.24
10.24
11.2
14.336
11.424
11.776
10.496
10.656
10.24
11.808
10.24
10.528
10.304
11.872
11.584
12.16
10.24
10.816
10.688
10.272
11.424
6.144
10.528
10.24
11.648
12.224
11.264
11.296
11.808
11.68
10.816
11.552
10.656
10.88
10.24
11.328
10.656
11.584
11.84
11.52
11.008
10.24
10.24
10.624
11.584
12.16
10.656
11.104
10.24
10.304
10.24
10.368
10.656
11.456
11.456
10.24
10.88
10.336
10.24
10.56
11.552
12.032
11.712
10.784
11.936
11.36
10.656
11.712
10.24
11.328
11.456
11.712
10.784
10.816
11.264
10.24
10.56
10.24
10.24
10.88
11.616
10.848
10.24
10.24
10.624
11.648
10.56
10.752
10.24
11.264
11.296
11.744
10.24
10.528
11.968
10.24
11.36
10.752
11.744
11.36
10.624
10.56
11.456
11.36
11.072
12.192
10.944
10.944
10.56
10.496
11.136
10.368
10.24
10.656
10.24
11.84
10.624
12.288
10.24
11.456
10.592
10.24
10.848
10.24
11.328
12.288
10.688
10.88
11.68
10.784
10.24
10.688
10.24
10.88
10.24
10.24
10.24
10.24
11.616
10.624
10.624
11.84
10.656
11.712
11.392
11.488
10.88
10.88
11.296
10.24
10.336
10.528
10.752
10.336
10.24
11.456
10.688
10.848
10.848
10.24
11.328
11.776
10.592
10.24
11.584
11.52
11.488
11.52
10.752
10.688
10.24
10.848
10.432
11.36
11.488
10.816
10.912
10.432
10.24
10.528
10.24
11.36
12.032
10.496
10.24
10.88
11.424
11.648
11.904
10.24
11.712
11.04
10.432
10.24
11.584
10.464
11.008
10.496
10.848
10.304
11.776
10.848
11.968
11.872
11.648
11.008
10.24
10.24
10.976
11.648
10.592
10.944
11.84
10.592
11.296
11.52
10.816
11.488
11.776
11.488
10.784
11.36
12.032
10.88
10.624
11.712
10.976
10.848
10.304
10.752
10.88
10.688
10.592
10.368
10.848
11.648
11.04
10.336
11.04
10.784
10.272
11.52
10.944
11.552
11.744
10.976
10.848
10.72
11.552
10.496
11.968
10.24
11.648
10.24
10.368
10.24
11.648
10.624
10.72
11.52
11.52
11.776
10.24
11.52
11.52
11.136
10.528
10.368
11.328
11.584
10.528
10.24
10.912
11.616
11.264
11.488
10.688
10.24
11.776
11.424
10.848
10.592
10.784
10.912
10.304
12
11.456
11.008
10.976
10.496
10.336
11.52
10.88
11.072
10.24
11.584
10.752
10.336
11.168
12.032
10.784
11.552
10.752
10.592
10.56
11.84
11.424
10.752
11.456
11.744
10.912
10.464
10.24
11.904
10.24
10.784
11.264
11.872
11.872
12.128
11.584
10.816
10.304
11.488
10.656
10.464
11.2
11.264
11.552
11.264
10.4
11.04
10.912
11.712
10.24
10.24
10.24
10.432
11.36
10.56
10.816
10.848
10.432
11.008
10.4
11.584
11.104
10.368
10.24
10.784
10.24
11.456
12.064
10.24
11.616
10.24
10.848
10.88
10.4
10.304
10.24
12.096
11.584
10.592
10.816
10.368
10.24
11.84
10.976
10.592
11.584
11.744
11.488
10.912
10.976
10.368
10.272
10.976
10.816
10.24
11.712
10.88
10.24
14.336
11.904
10.72
10.24
11.52
10.72
10.592
11.36
10.688
10.848
10.688
10.24
11.008
11.296
11.84
10.24
10.272
11.392
40.384
12.256
10.624
10.72
12.192
10.432
10.88
11.84
11.968
11.616
12.192
10.72
12.064
12.288
10.24
11.456
10.976
10.368
10.88
14.4
10.368
11.616
12.288
10.88
11.328
10.944
10.24
11.872
10.336
10.784
10.336
10.496
10.848
10.784
10.24
11.552
10.88
10.624
10.976
10.24
12.032
10.752
10.688
11.456
10.528
11.776
12.288
10.24
10.368
10.24
11.712
10.976
10.528
10.72
11.104
10.624
10.432
10.688
11.392
11.008
10.56
11.744
11.84
10.24
11.616
10.752
11.424
11.616
11.488
10.496
11.296
11.264
11.68
10.528
10.496
10.24
11.648
12.128
11.136
10.656
10.496
11.648
11.84
10.24
10.24
10.24
12
10.816
10.688
10.72
10.72
10.624
10.272
10.976
14.336
11.36
11.776
10.4
11.392
11.84
10.56
10.496
10.272
11.392
11.744
10.88
10.24
10.432
10.496
10.784
10.944
10.72
10.336
11.584
10.24
11.456
10.72
10.24
12.032
10.272
10.848
10.816
10.752
10.624
11.968
10.528
10.272
10.688
11.296
11.616
10.944
10.496
10.848
10.24
10.24
11.584
10.656
10.24
12.032
10.432
10.624
10.24
10.848
11.712
11.712
10.848
10.816
10.24
11.36
11.616
11.008
10.528
11.072
10.528
10.912
10.24
11.904
12
10.848
11.616
10.848
10.784
10.496
10.912
10.4
11.872
11.968
10.336
10.912
10.752
10.56
11.232
10.752
11.264
11.616
11.68
11.296
12.288
10.784
10.336
10.944
10.624
10.592
11.36
10.816
10.24
10.72
10.304
11.808
10.976
12.128
10.72
10.56
10.368
10.592
10.528
10.784
11.968
11.2
10.752
10.24
11.712
11.552
10.816
10.464
10.656
10.24
12.064
10.688
11.04
10.752
11.904
10.72
11.36
11.776
10.24
10.528
10.944
11.872
11.424
12.256
10.24
11.424
11.488
10.592
10.784
11.936
12.288
11.52
11.616
11.808
10.432
10.24
10.656
11.328
11.584
12.288
10.592
10.336
11.52
10.752
10.88
10.784
11.488
11.712
10.752
10.24
11.36
10.528
11.488
11.968
10.592
10.56
11.776
11.008
10.4
11.008
10.56
11.52
11.488
11.168
10.336
10.528
10.24
11.552
11.68
11.808
10.816
11.584
10.944
11.488
10.592
10.368
11.296
10.912
10.752
11.744
10.944
10.336
10.688
11.328
10.688
11.744
11.84
11.648
11.36
11.904
10.24
11.776
10.912
10.72
10.752
10.72
11.52
11.936
11.84
10.432
10.816
11.392
10.752
10.88
11.36
11.808
10.88
11.904
10.72
11.584
12.288
11.2
11.392
12.096
10.368
12
10.816
11.968
10.432
12.288
11.264
11.584
11.328
11.168
11.456
12
11.712
11.936
10.304
11.84
10.304
11.968
10.624
11.104
12
10.688
11.488
11.744
10.528
10.464
11.296
11.136
11.072
10.752
10.88
12.288
10.912
10.944
10.624
10.272
10.976
11.104
10.88
10.272
11.296
12.032
11.744
10.24
10.432
10.24
11.488
11.488
10.336
14.336
11.552
11.84
10.304
11.904
10.976
11.072
10.272
10.848
10.432
10.24
11.552
11.936
11.52
11.648
10.752
10.24
10.72
11.008
10.72
11.872
10.24
10.24
10.24
10.816
10.88
10.496
10.944
10.912
10.528
10.24
10.24
10.4
11.776
10.24
10.912
11.008
10.272
10.336
10.88
11.52
11.648
10.912
11.552
11.968
10.272
11.392
10.752
10.24
11.52
12.288
11.456
10.752
10.24
12.256
10.752
11.648
11.936
11.2
10.688
11.296
12.096
11.36
12.096
10.88
11.296
12.256
10.56
10.464
11.52
11.84
10.24
12.288
10.88
11.712
11.104
20.96
10.944
10.912
10.24
11.776
11.296
10.624
11.456
11.04
10.816
10.368
11.04
10.464
10.368
11.136
11.488
11.648
11.072
12.288
10.24
11.52
11.84
11.424
11.424
12.128
10.592
10.656
10.24
10.304
10.752
11.808
10.816
10.432
12.288
10.304
11.264
12.288
11.872
10.848
10.88
11.584
11.52
11.648
10.912
10.624
11.552
11.456
11.648
10.912
10.912
10.528
10.912
10.4
11.456
11.392
12.288
10.912
10.624
10.656
10.464
11.744
10.24
10.944
10.432
10.656
10.944
10.528
10.24
10.688
11.264
11.552
11.648
10.784
10.848
11.168
10.24
11.264
10.464
11.584
11.04
10.496
10.304
10.368
10.688
10.944
10.688
10.304
11.008
10.24
11.584
10.752
10.24
10.624
11.456
10.944
10.432
10.24
10.24
11.296
11.776
10.624
10.912
10.784
10.304
11.52
11.36
11.264
10.432
10.912
10.912
10.336
10.912
10.368
10.656
10.528
10.72
10.464
10.944
11.392
11.488
10.464
10.944
12.288
10.624
10.656
10.432
10.24
11.584
11.84
16.384
11.456
11.808
11.584
10.784
11.616
10.688
10.56
10.304
