75.84
15.712
14.336
13.408
12.32
13.376
12.448
13.792
12.352
19.68
12.544
12.352
12.672
13.184
12.672
12.448
12.864
13.664
13.92
13.216
14.304
12.288
13.856
14.016
13.888
24.48
13.376
12.288
12.832
12.288
13.888
12.32
13.024
13.728
12.896
12.448
12.96
13.536
12.288
12.448
13.312
14.016
12.448
12.288
12.704
13.408
13.6
12.544
12.288
13.408
12.768
12.512
12.928
12.288
12.608
12.288
13.984
12.736
12.672
12.288
8.48
12.416
12.64
12.576
13.696
13.344
12.608
12.288
12.48
12.384
12.288
12.544
13.408
13.728
12.288
12.288
12.704
12.416
13.056
12.288
12.64
12.288
13.536
12.512
13.12
12.288
12.288
12.672
12.288
12.416
13.472
12.672
13.472
12.288
13.408
12.672
12.48
12.288
12.288
12.544
12.288
12.288
13.344
12.288
12.928
12.96
13.728
12.32
12.512
13.12
12.704
12.608
13.6
13.344
13.696
12.288
12.64
12.992
12.288
13.408
12.288
12.768
12.48
12.864
12.448
12.416
12.864
12.512
12.672
12.736
13.344
13.6
12.288
12.608
12.896
12.448
13.664
12.416
13.312
12.416
12.768
12.448
12.512
12.768
12.8
13.44
12.736
14.336
12.288
12.768
12.608
12.736
13.952
13.792
12.448
13.984
13.248
12.896
12.672
12.736
13.664
12.288
12.288
13.568
12.736
13.344
13.472
12.96
13.184
12.352
14.016
13.6
13.664
13.568
14.144
12.576
13.92
12.768
13.76
13.312
14.336
13.984
12.864
12.544
13.312
13.984
12.992
13.536
13.44
12.512
13.088
12.608
12.608
12.672
12.288
13.504
12.576
12.288
12.416
12.736
12.288
13.504
13.6
13.344
12.864
12.416
12.608
12.416
12.288
12.576
12.64
12.288
12.896
12.864
12.544
13.536
12.288
12.8
13.696
12.736
12.576
12.288
13.632
12.96
12.288
12.64
12.288
12.8
13.696
13.664
12.736
13.376
12.672
12.96
12.8
12.288
12.416
12.48
12.288
13.504
12.288
13.568
13.536
13.056
13.728
13.504
12.288
12.384
12.768
13.952
13.024
14.016
13.728
14.112
14.016
13.888
12.48
12.416
12.928
13.312
12.288
13.44
13.664
12.288
13.44
13.632
13.28
13.824
13.92
12.32
12.704
12.704
12.384
14.016
13.12
14.08
13.312
12.704
13.824
13.088
13.92
14.048
12.992
13.984
14.016
14.016
14.336
13.824
13.024
13.6
13.056
13.312
13.12
14.016
13.312
13.664
13.856
13.696
13.152
13.44
13.888
12.864
16.48
13.568
12.64
13.056
12.512
12.704
13.632
14.048
13.44
12.672
14.336
13.536
14.112
12.48
14.112
14.048
12.288
12.928
12.992
12.64
13.248
13.184
20.352
12.256
13.312
12.672
12.288
12.288
13.472
13.856
13.728
12.864
12.288
12.288
13.568
12.288
12.384
12.448
13.44
13.472
12.288
13.28
13.76
13.632
14.08
12.288
15.232
13.088
12.48
12.448
13.056
13.472
13.344
12.672
12.608
12.448
12.832
12.128
12.544
13.376
13.6
12.288
12.928
13.76
12.832
12.672
12.48
12.288
12.768
12.288
13.44
12.48
12.288
12.288
12.288
12.512
12.672
13.344
12.64
12.832
12.32
12.288
12.288
13.504
12.736
12.704
12.576
14.144
12.384
12.864
12.288
13.44
13.6
12.288
12.672
12.832
13.408
12.384
12.448
12.288
12.704
12.64
13.376
12.672
12.8
13.856
12.64
13.28
12.32
13.568
14.336
12.928
13.728
12.384
12.288
12.32
12.608
13.632
12.992
12.544
13.984
12.832
12.768
13.728
14.24
12.8
14.112
13.888
13.248
14.048
13.344
13.408
14.016
12.288
13.44
12.768
14.048
13.76
12.288
13.024
12.672
12.8
12.288
13.504
12.832
12.288
12.512
12.544
12.288
12.96
12.704
12.832
13.472
12.704
13.408
13.088
12.608
13.44
12.768
12.288
12.288
13.344
13.888
12.992
12.896
12.608
12.576
12.288
12.288
13.504
12.288
12.416
12.288
12.288
12.288
13.056
13.792
12.32
12.608
13.536
12.64
12.288
13.568
12.448
12.416
13.472
13.248
12.576
12.32
14.336
12.544
14.24
12.8
14.208
13.056
13.312
13.952
13.76
12.992
14.272
13.152
13.856
12.48
12.544
12.288
12.576
12.448
12.64
12.288
13.6
13.44
12.608
12.288
12.288
12.832
12.736
12.864
12.864
12.992
12.736
12.96
12.608
13.856
12.384
13.44
13.792
13.312
12.736
12.288
13.696
13.504
13.472
12.288
12.576
12.896
12.384
13.952
12.512
13.44
12.288
14.304
12.896
14.304
13.568
12.288
13.6
13.6
16.48
14.112
12.288
13.216
12.48
12.736
13.024
13.984
12.288
13.632
13.824
12.288
13.152
12.864
13.12
13.632
13.28
13.568
12.288
13.696
12.704
12.48
12.48
12.288
13.472
12.288
12.288
13.952
12.288
12.64
12.288
13.504
14.016
12.576
12.32
12.288
12.352
12.288
12.288
12.8
13.472
14.016
13.6
12.992
12.608
12.288
12.96
13.728
13.888
13.792
12.96
12.288
13.888
13.44
12.896
13.408
12.32
12.448
12.288
13.728
12.32
12.288
13.44
12.288
12.48
13.568
12.736
12.64
12.416
13.472
12.288
12.768
12.352
12.576
12.544
13.152
13.376
13.504
13.76
12.608
12.992
12.352
12.288
14.048
12.416
12.288
12.288
12.288
12.288
12.512
13.536
13.536
12.64
12.288
13.248
13.376
12.544
13.568
12.928
12.64
12.288
13.504
13.344
12.448
12.288
12.608
12.896
12.416
12.288
12.608
12.704
12.64
13.568
12.48
12.64
12.672
12.64
12.832
12.96
13.024
12.288
12.288
12.96
13.44
12.288
13.664
13.088
12.288
13.536
12.928
12.288
12.832
12.832
12.288
13.92
12.928
26.432
13.44
12.896
12.672
12.736
12.288
12.672
12.288
12.416
13.728
12.352
13.344
12.64
12.576
12.48
12.384
12.512
12.384
12.768
12.288
12.288
12.832
13.568
13.632
12.288
12.576
12.704
12.544
12.672
12.288
12.8
13.984
12.288
12.672
12.288
13.664
12.736
12.704
12.288
12.448
15.456
13.568
12.608
12.928
13.76
12.672
12.64
12.288
12.288
12.672
12.288
13.536
13.44
13.44
12.736
12.384
12.832
12.832
13.92
12.736
12.288
12.96
13.536
12.288
13.056
12.288
12.96
13.92
13.44
12.288
13.792
14.016
13.92
13.856
12.288
12.928
12.416
12.288
13.984
13.728
13.536
12.32
12.288
12.576
12.864
13.024
13.024
12.288
13.536
12.288
13.6
14.048
13.568
13.728
13.568
12.864
12.288
13.664
13.152
13.792
12.32
12.288
12.288
13.344
12.576
12.448
12.576
12.352
13.44
12.448
13.632
12.288
12.384
12.288
12.288
13.664
12.8
12.64
12.992
12.64
12.704
12.288
12.32
13.664
12.288
12.288
13.664
14.08
12.512
12.64
12.48
12.288
12.288
13.792
13.024
12.288
14.272
12.64
12.288
13.472
13.76
12.608
12.544
12.288
13.568
12.928
12.896
13.152
12.384
13.632
14.176
14.336
12.512
13.952
13.664
12.8
13.6
12.928
12.32
13.184
14.016
14.208
12.928
14.016
12.608
12.704
13.344
13.632
13.472
12.8
12.288
12.288
14.08
12.288
12.288
13.504
13.6
12.288
13.632
12.768
13.6
12.352
12.896
12.32
12.576
12.32
12.64
12.288
13.952
14.336
12.288
12.544
12.704
12.544
12.704
12.704
12.288
12.8
12.544
13.664
12.736
12.32
12.288
12.512
12.288
13.376
13.504
12.384
12.288
12.288
12.288
12.288
13.312
12.672
13.344
13.376
12.832
13.344
12.64
12.32
12.32
12.352
12.48
12.448
12.928
12.288
13.76
12.704
12.288
12.288
12.736
12.288
12.608
13.344
12.384
12.352
12.288
12.64
13.536
12.576
12.736
12.576
12.832
12.544
12.288
12.672
13.824
13.312
12.384
12.288
12.288
13.568
12.384
12.512
12.288
12.704
13.728
13.76
12.672
12.64
12.736
12.32
13.44
13.664
12.544
12.288
13.792
12.832
13.12
12.96
12.64
12.288
12.288
12.288
12.288
13.792
12.576
12.288
12.928
12.288
13.44
12.288
12.608
12.288
13.504
12.288
12.736
12.544
12.288
12.288
12.576
12.832
13.76
12.32
12.288
12.64
12.416
13.28
13.632
12.544
13.088
12.576
13.344
13.632
13.376
14.08
13.888
13.6
12.544
12.96
13.76
12.832
12.768
12.928
12.768
