79.872
23.68
22.528
22.048
21.024
20.48
20.64
20.896
21.888
20.864
20.512
20.832
20.608
20.48
20.48
20.48
20.928
20.672
20.48
20.48
20.48
20.512
20.64
20.352
22.688
20.832
20.48
21.632
20.832
19.424
20.48
20.416
20.64
20.352
20.48
20.48
20.48
20.48
20.448
20.544
21.12
20.896
20.48
20.48
20.448
20.416
20.704
20.416
20.768
20.288
16.384
20.48
21.696
20.384
20.64
20.48
20.48
20.608
20.608
20.512
20.544
20.256
20.96
20.48
21.824
20.48
20.576
20.416
20.48
20.48
20.48
20.48
21.536
20.672
20.448
20.544
20.48
20.48
20.512
20.608
20.48
20.48
20.48
20.48
21.504
20.32
19.2
20.384
21.504
20.704
20.48
20.352
20.448
20.544
20.576
20.48
20.928
20.384
20.512
20.864
20.48
24.896
21.792
20.48
20.544
21.216
20.992
20.48
22.016
26.624
21.376
21.504
22.048
21.792
21.952
21.568
22.528
21.28
21.216
21.248
22.464
20.992
21.312
20.736
22.144
21.504
21.152
21.824
21.184
20.544
21.536
21.888
20.928
21.248
21.888
20.48
20.832
20.896
20.48
21.632
20.512
20.832
21.664
21.568
20.864
22.08
21.088
20.832
21.92
20.48
21.856
21.92
20.48
20.832
21.28
20.64
20.48
20.48
20.96
20.896
21.312
20.896
21.6
21.536
20.928
20.48
20.48
20.48
20.96
20.768
20.48
20.96
20.48
20.48
21.088
22.176
20.96
20.48
20.48
20.64
24.576
21.568
20.928
22.048
21.92
20.48
20.992
20.832
21.664
20.48
20.48
20.896
21.184
20.928
21.792
20.736
21.088
22.208
21.6
20.48
20.992
22.048
21.568
20.48
20.704
21.888
21.888
20.512
21.184
21.216
20.8
20.512
20.48
20.672
21.184
20.48
20.736
20.96
21.024
21.536
21.888
20.48
21.76
21.984
21.664
20.48
24.672
21.568
20.704
21.056
22.08
20.96
21.92
21.6
21.568
20.768
21.024
22.176
21.92
21.664
20.576
21.024
21.984
20.8
20.512
20.48
20.864
20.384
20.544
20.8
21.984
20.416
20.48
20.48
20.8
20.48
21.888
20.48
20.512
20.64
20.48
20.896
20.48
20.48
20.512
20.576
20.48
20.928
20.832
20.832
22.144
20.768
21.632
20.48
20.864
20.864
20.48
21.504
20.832
25.152
22.496
20.48
20.48
20.672
20.864
20.768
22.016
21.024
20.768
22.464
21.952
20.48
20.672
21.664
20.768
20.832
21.568
20.48
22.08
20.8
20.672
21.504
21.12
20.864
24.608
21.92
20.576
20.48
20.48
20.48
20.48
21.728
20.736
20.512
20.896
20.8
21.696
20.864
21.856
20.992
22.272
20.48
21.856
20.768
21.312
21.92
20.48
20.576
20.992
21.888
20.832
21.728
21.568
20.992
21.632
21.056
21.856
20.672
20.48
20.48
20.64
20.48
21.504
20.736
20.48
20.48
20.672
20.48
20.832
20.576
22.016
20.672
21.696
20.736
20.736
20.544
20.608
20.48
21.6
21.664
21.6
20.48
20.48
20.576
21.952
20.704
22.144
21.6
20.864
21.888
21.6
20.704
21.504
20.48
20.736
20.864
20.48
22.016
20.48
20.992
20.48
20.48
20.48
20.992
21.984
20.672
21.12
21.024
22.272
21.664
20.48
20.832
21.12
20.8
21.696
20.608
24.384
20.608
20.48
20.48
20.48
20.48
20.48
20.416
20.448
20.544
22.08
20.48
20.48
20.48
20.48
20.512
24.064
20.48
21.728
20.928
20.64
20.48
21.536
20.768
20.64
20.48
20.64
21.568
20.864
20.48
20.48
20.608
20.48
20.48
20.48
20.832
20.48
20.544
20.864
20.8
20.704
20.896
21.024
20.64
20.48
20.48
20.48
20.736
21.536
20.48
20.768
20.544
20.48
20.48
20.48
20.48
20.48
20.448
20.48
20.512
20.416
20.48
20.48
21.536
21.6
20.608
20.96
20.768
20.832
20.48
20.48
20.48
20.48
20.48
20.544
20.992
20.48
20.576
20.48
20.8
20.576
20.48
21.6
20.8
20.672
20.48
21.568
20.48
20.48
20.48
20.48
21.088
21.632
20.48
20.96
20.576
21.632
20.704
20.48
20.704
20.48
21.536
21.024
20.48
20.48
20.48
20.48
20.48
21.952
20.768
21.184
20.704
21.856
21.024
22.272
20.48
20.48
20.928
21.952
21.92
20.832
21.024
21.888
20.48
22.112
21.632
21.696
20.48
21.056
20.48
21.632
21.568
20.576
20.928
21.952
20.48
20.48
21.824
20.48
20.96
21.632
20.64
20.864
20.992
20.896
20.48
21.152
22.016
21.952
20.48
20.896
20.768
20.48
21.056
21.952
20.704
22.336
21.024
20.992
20.48
20.48
20.608
21.696
20.736
20.96
20.64
21.056
21.568
20.48
21.312
22.08
21.92
21.088
20.704
21.728
20.832
21.856
20.48
21.024
21.664
20.576
21.088
21.024
21.92
20.512
20.48
20.992
21.088
21.216
20.736
21.568
20.576
21.28
21.92
21.664
20.608
21.248
20.48
21.024
21.088
20.992
21.184
22.048
22.048
20.48
21.504
20.48
21.696
20.48
20.864
20.48
20.48
20.8
20.768
21.184
20.896
21.664
20.48
21.76
20.48
20.512
21.024
21.088
20.992
21.632
20.704
21.952
20.48
22.112
21.568
20.832
21.184
22.048
21.632
20.8
21.024
20.48
20.832
21.824
20.64
21.088
21.024
20.96
21.696
21.184
21.6
20.8
21.728
20.608
20.48
21.92
20.864
20.48
20.704
21.792
21.248
21.6
20.736
20.48
20.48
20.928
21.568
20.576
20.48
21.76
20.96
20.48
20.48
21.152
21.664
20.48
20.48
21.184
21.76
20.704
20.48
20.48
20.672
20.864
20.96
20.48
20.544
20.576
21.728
20.544
20.512
20.48
20.416
20.32
20.832
20.608
20.48
20.48
20.48
20.576
20.48
32.352
20.832
20.768
20.448
20.64
20.384
20.48
20.48
21.536
20.48
20.64
20.576
21.152
20.48
20.8
20.48
20.576
20.96
20.576
20.48
20.48
20.48
20.48
20.832
21.6
20.48
20.768
20.512
20.768
20.64
20.416
20.48
21.216
20.768
20.512
20.48
20.864
20.416
20.48
20.48
20.48
20.48
20.48
20.48
20.928
20.48
20.48
20.48
20.48
19.264
20.48
20.48
20.48
20.48
20.48
20.416
21.024
20.512
20.576
20.48
20.48
20.544
20.672
20.48
21.696
20.832
20.48
20.48
20.832
20.544
20.512
20.512
20.32
20.96
20.48
20.48
20.832
20.512
21.824
20.48
20.48
21.568
20.48
20.48
21.664
20.48
20.48
21.536
20.48
20.48
20.576
20.64
20.704
20.896
20.48
20.48
20.48
20.48
19.424
20.48
20.48
20.48
20.48
20.64
20.48
20.48
20.48
21.696
20.48
20.48
20.48
20.48
20.48
21.728
20.48
20.48
20.48
20.48
21.76
20.48
20.48
20.352
20.512
20.48
20.608
20.48
20.576
21.888
20.48
24
20.672
20.608
20.48
20.416
20.48
20.576
20.672
20.48
20.576
20.48
20.48
21.536
20.48
19.456
20.48
20.48
21.536
20.448
20.448
20.704
20.48
20.48
20.864
20.224
20.384
20.48
20.768
20.416
20.48
20.768
20.704
20.64
20.48
20.48
20.48
20.48
20.48
20.416
20.64
20.48
20.544
21.824
20.64
20.928
20.448
20.736
20.48
20.48
20.48
20.48
21.536
20.48
20.48
20.48
20.48
20.704
20.48
20.672
21.088
20.672
20.512
20.448
20.48
20.416
24.256
20.48
20.8
20.544
20.384
21.696
20.448
20.48
20.416
20.48
20.48
20.48
20.48
20.48
20.64
20.64
20.48
20.608
20.512
20.576
21.568
20.416
20.48
20.48
20.48
20.48
20.48
20.48
20.48
20.48
21.696
21.6
20.48
20.48
20.48
20.32
20.32
20.48
21.536
20.48
20.48
20.48
20.48
20.448
20.448
20.768
20.64
20.48
21.792
20.704
20.48
20.48
20.48
20.48
20.544
20.736
20.416
20.704
21.952
20.48
20.736
20.544
20.64
20.992
20.64
23.232
20.64
20.48
20.768
20.48
20.768
20.448
20.576
20.384
20.48
20.48
20.64
20.544
20.48
20.48
20.576
20.672
21.792
20.48
20.512
21.792
20.48
20.448
20.48
20.48
20.48
20.544
20.736
20.48
20.608
20.352
20.352
20.48
20.864
20.576
20.448
21.824
20.576
20.512
20.736
20.704
20.704
20.48
19.2
20.48
21.568
16.224
20.352
20.48
