69.376
12.992
10.176
9.952
10.24
10.24
9.088
8.896
10.24
9.024
8.352
8.8
9.504
10.24
9.856
8.672
8.448
9.376
8.48
8.768
8.928
9.632
8.64
8.32
8.48
9.472
8.896
8.512
10.144
9.792
9.888
9.76
8.64
9.504
10.24
9.056
9.76
10.24
8.192
9.376
7.008
8.576
9.344
9.92
8.992
9.472
8.704
8.544
9.856
8.672
10.24
28.544
9.76
9.664
10.048
8.992
8.864
9.632
9.728
10.24
8.832
10.176
8.448
9.696
9.344
9.888
9.696
8.192
8.896
9.568
9.664
9.088
8.768
8.416
8.224
9.504
8.544
9.344
9.728
10.24
9.408
11.04
8.672
9.568
8.544
9.28
9.664
8.608
8.192
9.664
8.672
8.512
9.216
9.888
8.544
8.32
8.224
9.6
9.184
8.8
8.832
8.704
12.896
9.984
10.048
8.288
8.192
8.32
8.832
8.384
8.288
9.824
8.448
8.608
9.248
8.192
9.12
9.888
8.544
8.448
8.32
8.448
8.96
11.84
8.192
8.288
9.408
9.152
8.256
10.208
8.192
9.344
9.536
10.016
8.48
8.672
8.704
8.288
8.32
8.928
9.76
9.568
8.96
9.856
12.288
10.112
8.672
8.864
8.384
8.32
8.448
10.016
8.832
8.416
9.728
9.92
8.672
9.28
8.768
9.568
8.832
8.352
8.384
8.352
9.504
10.784
10.24
9.312
8.736
8.736
10.112
8.608
10.24
9.536
8.512
8.768
9.856
9.824
9.408
10.08
8.608
9.376
8.96
8.736
8.48
9.6
11.104
10.24
9.44
8.928
8.288
9.216
8.512
8.544
9.76
9.76
8.512
8.192
9.696
9.792
8.736
10.048
9.728
8.192
8.192
9.408
10.016
10.304
8.352
9.28
9.44
9.024
8.736
8.512
8.192
9.376
9.664
9.952
9.728
9.12
8.256
8.192
9.792
8.224
8.416
9.376
8.448
8.832
8.928
10.272
9.44
9.024
8.512
8.192
9.536
9.152
9.44
9.952
9.536
8.704
9.408
8.8
8.192
9.216
8.64
9.632
8.992
8.544
8.928
9.472
9.76
10.016
8.192
8.192
9.184
8.448
8.256
8.352
8.224
10.24
8.192
8.192
9.44
9.696
8.608
8.192
9.184
8.192
8.192
9.664
8.672
8.384
8.192
9.472
10.144
10.24
9.088
10.144
9.056
9.088
8.672
8.768
8.384
8.544
8.576
10.24
8.544
10.24
8.736
9.792
8.192
8.256
9.472
8.192
9.376
9.44
8.992
8.192
9.888
8.96
10.048
8.608
8.192
9.312
9.536
8.896
8.288
8.768
9.632
10.24
9.536
9.92
8.192
9.76
9.12
8.832
8.768
8.768
9.472
8.8
8.832
10.016
9.6
9.504
8.32
8.384
9.856
8.704
8.64
9.632
8.736
8.64
10.112
9.536
9.6
9.76
9.696
8.256
9.504
9.344
8.672
8.512
8.864
8.32
9.6
8.608
8.192
8.352
9.28
8.896
8.512
8.192
9.792
8.8
9.536
8.736
8.416
9.664
8.832
8.192
9.984
8.832
8.192
9.088
9.504
8.96
8.768
8.192
8.192
9.568
8.576
8.192
9.376
8.192
9.984
9.216
9.376
8.416
8.224
9.344
9.632
9.152
8.288
8.672
9.312
10.048
9.504
9.856
8.544
8.544
8.32
8.192
9.504
8.768
8.928
8.448
8.192
10.08
9.28
9.024
8.192
9.536
8.8
10.048
8.512
8.672
9.376
8.96
8.416
9.312
22.592
8.608
8.192
8.32
8.224
9.024
9.28
9.344
9.504
8.928
8.512
8.352
9.312
8.864
10.24
9.856
10.24
8.64
8.192
8.896
8.512
8.192
8.192
8.192
9.76
9.952
8.192
9.632
8.992
9.696
8.544
9.024
8.192
8.736
8.192
8.192
8.832
8.448
9.76
8.8
8.416
8.64
8.928
8.704
8.672
9.632
8.576
8.48
9.376
9.568
8.192
9.888
8.608
10.24
8.192
8.896
9.216
8.544
9.888
8.64
8.192
9.696
9.152
8.288
8.192
8.768
9.312
9.376
8.512
9.696
8.64
9.856
9.664
8.224
8.192
9.76
9.024
8.832
11.808
8.384
8.224
8.416
8.288
9.248
8.864
9.344
9.536
9.408
8.992
9.472
8.544
8.192
10.24
8.864
8.768
8.448
8.384
8.192
9.696
8.704
9.792
10.24
9.888
9.952
9.184
8.48
8.768
9.12
8.768
10.24
8.224
8.192
8.32
9.728
8.64
8.512
8.192
8.544
8.192
9.408
8.896
8.192
9.888
9.504
8.768
8.512
8.416
9.44
9.568
8.992
9.696
9.408
8.896
8.32
9.408
8.608
8.896
8.192
8.288
8.192
8.96
9.472
9.024
8.416
9.792
8.192
9.728
10.176
8.544
8.384
9.248
8.384
8.192
8.192
8.192
8.224
10.048
8.416
8.288
8.192
8.64
9.248
9.92
8.672
8.192
9.632
10.24
8.192
9.792
9.888
8.8
8.416
10.24
9.408
10.144
8.192
8.192
9.408
9.152
8.448
9.888
9.824
9.888
10.24
8.48
9.696
8.832
8.448
8.192
8.192
9.408
8.672
9.664
8.608
9.376
9.472
8.576
10.112
9.76
9.76
8.192
8.576
8.192
10.24
8.192
9.792
8.672
8.48
8.224
8.192
8.384
8.192
8.288
10.144
9.152
9.408
10.08
8.64
8.192
8.192
10.08
8.896
10.048
8.416
10.08
8.896
8.8
9.6
9.664
8.448
8.192
8.192
8.48
8.48
9.28
8.608
9.536
9.824
9.888
8.192
9.792
8.864
8.352
8.544
8.352
9.216
8.192
8.256
8.448
9.632
9.504
9.056
8.832
8.192
8.224
9.536
8.384
9.632
8.896
8.768
8.192
9.28
10.24
8.48
8.192
9.536
12.192
9.664
9.792
8.8
8.192
8.192
9.536
9.152
9.664
8.896
8.288
8.576
9.76
10.24
9.056
9.184
10.24
9.792
9.632
9.76
9.568
9.376
9.952
9.888
10.112
9.12
9.056
9.472
9.344
9.44
8.384
9.312
9.824
8.768
8.992
8.608
8.192
8.192
9.28
8.192
8.64
9.92
8.448
8.192
9.344
9.312
8.96
8.672
8.48
8.192
8.832
9.28
8.928
8.576
9.632
8.192
9.952
8.832
8.192
9.408
9.216
8.192
8.544
9.728
8.672
8.352
9.28
8.192
8.192
8.192
9.344
9.024
9.12
9.376
9.6
8.512
8.192
8.192
8.8
8.928
8.224
8.192
9.504
8.896
8.192
8.192
8.224
9.76
8.576
9.088
9.472
9.6
8.736
9.248
9.152
8.192
9.44
8.48
8.192
9.952
8.416
8.192
8.96
8.864
9.664
8.768
8.192
8.48
8.64
8.416
8.192
8.192
9.408
8.192
8.576
9.28
9.568
9.856
8.448
8.64
8.8
8.512
8.896
8.448
8.192
9.696
8.704
8.736
9.184
8.704
8.192
8.192
9.76
9.248
9.056
9.056
8.352
9.376
8.192
8.192
8.416
9.408
9.344
9.888
8.288
8.416
8.192
8.192
8.832
9.376
9.824
8.64
8.192
8.192
8.704
8.416
8.864
8.192
8.8
9.472
9.632
9.344
8.224
8.48
8.224
8.32
8.192
9.344
8.512
24.928
8.8
10.24
10.24
10.24
9.056
8.672
8.544
10.08
8.928
8.672
8.192
9.568
10.08
10.24
8.384
9.472
8.608
8.192
9.44
8.256
8.192
9.44
8.32
9.632
8.64
10.208
9.152
9.472
8.192
8.416
8.416
9.92
8.672
9.728
8.64
8.576
8.448
8.224
9.696
9.44
9.76
9.568
9.312
9.984
9.216
10.208
10.24
10.08
9.632
9.952
8.448
9.504
9.568
10.24
8.896
9.664
10.24
9.632
9.536
10.016
9.312
10.144
8.48
9.472
9.792
9.376
8.192
10.016
8.192
9.376
8.704
9.12
8.544
8.48
9.632
9.056
9.088
9.536
8.352
9.696
9.76
9.792
8.704
8.192
8.192
9.472
9.664
10.592
9.888
9.792
9.92
9.28
9.248
9.664
9.312
8.288
9.664
9.76
8.48
8.416
9.408
8.928
8.448
8.192
8.192
8.256
9.248
9.408
9.792
8.32
9.664
8.992
8.288
8.224
9.216
9.024
8.192
8.32
10.24
9.536
9.76
8.48
8.896
9.728
9.888
10.208
8.608
9.728
8.704
9.888
8.576
9.376
9.728
9.952
9.088
10.016
10.24
8.992
8.544
8.576
8.192
9.216
9.376
10.176
8.192
8.192
9.312
9.44
10.144
8.192
9.312
9.76
8.672
9.632
