67.072
13.92
10.176
9.152
9.056
10.24
8.64
8.736
8.32
9.824
9.696
8.192
10.08
9.408
9.408
8.192
10.24
8.8
9.216
9.888
9.184
9.632
8.192
10.24
8.736
9.632
9.344
9.664
12.288
8.928
10.08
8.96
8.352
10.24
8.192
8.544
8.8
8.448
8.544
8.64
9.472
8.192
8.192
8.896
9.408
8.832
9.024
10.208
9.088
8.864
10.24
10.24
8.512
9.024
9.376
9.792
8.864
9.568
10.144
9.856
8.192
8.512
8.704
8.672
9.408
8.48
8.192
8.192
9.28
8.192
9.856
8.736
9.408
8.192
8.192
8.192
8.192
9.152
8.192
9.824
9.696
9.408
9.536
9.312
8.768
9.472
8.512
8.512
8.736
8.32
8.192
9.6
8.672
9.376
8.192
9.248
9.216
8.768
8.224
10.016
8.512
9.44
8.192
9.504
10.656
8.352
9.568
9.472
8.48
9.696
8.192
12.224
8.832
8.576
8.192
8.704
9.984
8.928
9.024
8.192
8.224
8.192
8.192
8.192
8.576
8.416
9.312
9.472
10.048
8.32
8.928
8.448
9.76
10.24
9.888
9.536
8.192
9.056
9.344
9.984
8.192
8.288
8.032
9.408
8.192
9.536
8.192
8.192
8.288
8.896
8.192
8.352
9.216
9.28
8.416
9.952
9.472
10.08
9.696
20.48
9.568
8.192
8.192
8.896
8.896
8.768
9.888
8.192
8.224
8.64
8.704
8.48
9.344
10.176
8.192
8.192
8.32
8.768
8.192
8.704
8.192
8.192
7.072
9.76
8.992
9.824
8.416
10.048
9.376
9.024
8.288
8.992
9.216
9.696
8.672
8.832
8.192
8.48
8.288
8.96
9.344
8.192
8.224
9.152
9.728
8.192
8.416
9.632
8.352
8.48
8.416
9.728
8.992
8.224
9.92
9.024
8.352
8.576
9.792
9.568
8.192
8.192
8.192
8.96
8.192
8.192
9.472
8.544
8.544
9.952
8.576
8.192
8.192
8.864
8.64
9.216
8.192
8.224
8.192
9.248
8.192
8.192
10.24
10.208
10.24
8.864
9.728
8.416
10.016
9.92
9.952
9.984
8.224
8.192
8.864
10.24
8.736
9.856
8.896
8.864
10.24
8.352
8.224
9.28
8.192
8.192
9.728
8.192
8.512
8.352
8.192
8.416
9.152
8.8
8.736
8.512
8.192
10.24
8.608
8.192
8.864
8.672
8.928
9.024
9.44
9.28
8.192
9.216
9.312
7.36
9.824
9.824
8.192
9.856
8.224
8.384
8.224
8.928
8.192
8.32
9.504
8.96
8.928
9.28
10.24
9.504
9.536
9.248
9.664
8.192
9.056
9.472
8.192
8.48
9.568
8.192
9.44
8.224
8.192
9.44
8.576
8.384
8.48
8.256
8.704
8.608
8.608
9.888
8.192
8.192
8.288
9.024
9.536
8.256
8.864
8.896
9.76
8.576
8.768
9.312
9.344
8.192
8.192
9.024
9.632
9.312
8.864
8.736
9.952
10.016
8.32
8.768
8.192
9.632
9.056
9.408
9.696
9.472
8.608
9.824
9.984
9.728
9.344
8.672
9.92
9.696
9.536
9.056
8.768
9.28
9.472
8.672
9.76
8.896
8.256
9.888
8.96
8.768
9.728
9.28
9.856
9.76
9.504
8.416
8.416
8.832
8.576
9.792
9.44
9.504
8.192
9.568
8.544
9.568
9.504
8.576
8.768
8.384
9.728
9.664
8.896
8.864
9.408
8.192
8.96
8.64
8.608
8.32
9.312
8.608
9.568
9.28
9.312
8.192
9.664
9.632
8.864
9.472
8.288
9.12
9.28
8.704
8.192
8.224
8.192
9.824
8.896
8.768
8.352
10.144
8.192
8.192
9.6
9.376
8.512
9.696
8.992
8.672
8.672
8.8
9.024
8.64
8.32
8.992
8.704
8.192
8.192
8.64
10.176
8.384
8.416
9.536
8.832
9.632
8.192
8.192
8.192
9.408
8.256
9.504
8.192
8.192
9.504
8.192
9.536
9.536
8.448
8.224
9.024
9.632
8.864
9.536
8.192
9.536
8.48
8.992
9.856
10.24
9.792
8.192
9.184
8.48
8.192
8.192
9.952
8.704
8.384
8.832
8.8
9.12
8.64
9.664
8.96
8.48
9.248
9.184
8.704
9.28
8.672
8.48
9.248
8.192
8.288
8.512
9.632
9.792
8.64
8.48
8.8
9.088
8.64
8.704
8.736
9.568
8.192
8.736
8.544
8.896
9.6
8.992
8.224
8.192
9.472
8.192
9.504
8.288
8.992
8.768
9.472
8.544
9.216
8.8
8.416
8.192
9.376
9.216
8.192
9.696
8.544
8.96
8.608
8.192
8.192
9.344
8.544
8.704
9.92
10.208
8.16
8.448
8.32
9.024
10.08
9.664
8.928
9.344
8.224
10.048
8.48
8.192
8.192
8.192
9.312
9.664
8.256
9.504
9.28
8.192
8.192
9.248
10.112
9.6
8.224
9.888
8.608
8.192
8.96
9.184
8.544
10.24
9.44
9.28
8.48
8.64
9.696
9.632
10.048
10.24
10.24
9.248
9.856
9.888
10.24
9.024
12.608
9.6
9.792
10.208
9.92
11.68
10.368
10.336
9.184
8.768
10.464
9.664
8.96
9.6
9.216
9.088
9.344
9.664
9.248
9.824
9.984
9.6
9.952
10.208
8.768
8.896
9.92
8.64
9.568
9.76
9.92
8.32
8.832
9.504
9.408
8.192
8.576
8.64
9.504
9.056
8.192
8.192
8.192
9.088
8.192
8.192
8.8
8.192
8.352
9.344
8.192
8.544
8.992
9.248
9.76
11.36
9.216
8.192
9.12
8.544
9.536
9.312
8.192
8.192
9.824
8.224
9.248
9.696
9.472
8.768
8.512
9.856
9.92
9.44
9.888
9.44
8.704
9.152
10.176
9.632
8.512
8.48
8.928
8.288
8.32
8.608
8.8
8.96
8.512
9.664
8.32
9.728
9.408
8.192
9.92
8.448
9.024
8.928
8.8
8.8
9.12
9.376
26.528
8.608
10.24
9.728
9.888
10.976
9.952
9.376
9.28
9.6
10.08
8.896
21.056
8.32
8.544
9.696
8.416
8.48
8.736
10.24
8.512
8.192
8.192
8.192
8.192
8.896
9.696
8.64
8.544
8.896
10.144
8.448
10.016
9.28
8.48
9.696
9.728
9.088
8.992
23.808
10.24
8.704
8.768
10.08
9.664
9.984
8.672
8.64
8.352
8.352
8.96
9.504
9.696
8.384
8.928
8.192
9.696
8.192
9.28
9.952
8.416
8.32
9.44
8.352
9.952
9.952
9.056
10.112
8.192
9.76
9.344
8.192
8.608
8.864
9.472
8.576
9.6
8.8
8.896
9.856
8.992
9.632
8.288
8.832
8.832
10.24
8.864
8.224
9.408
8.384
9.792
8.192
9.536
8.352
8.992
9.12
8.64
8.448
8.8
8.768
8.512
9.792
8.704
8.416
8.832
9.824
9.76
8.416
8.544
9.056
9.664
8.192
9.408
8.288
8.896
9.472
9.376
8.192
9.248
9.12
9.888
8.576
9.888
8.608
9.12
8.448
10.24
8.384
10.24
9.888
9.312
8.192
8.544
10.24
9.728
9.792
8.608
8.768
9.568
8.288
8.416
9.568
26.976
9.344
9.728
8.48
8.704
8.512
8.384
8.192
8.192
8.192
10.24
8.192
10.112
8.768
9.728
10.144
8.384
8.48
9.6
10.24
8.192
9.024
9.76
8.768
8.864
10.016
9.024
8.64
9.344
9.856
9.984
8.576
8.192
9.408
8.352
8.32
8.192
8.672
8.704
9.376
8.192
9.6
9.504
8.224
8.8
9.856
9.312
8.96
10.112
9.728
9.568
9.248
9.632
9.664
9.92
9.984
8.416
8.544
8.448
8.192
9.696
9.344
8.192
9.408
8.288
8.672
8.832
8.384
8.192
23.968
10.048
9.792
9.056
10.24
9.536
9.024
8.192
8.768
9.792
8.192
8.416
9.696
8.896
8.608
8.896
8.544
8.192
10.24
8.512
9.888
9.952
9.44
8.256
9.824
8.64
9.728
8.832
8.64
9.888
8.192
8.384
9.984
9.952
8.384
9.856
8.576
8.928
8.64
9.472
9.152
8.448
9.312
9.376
8.608
9.568
8.384
8.448
9.408
9.664
8.352
8.736
8.928
9.76
8.992
8.704
8.96
9.44
8.608
8.992
8.704
8.928
10.112
8.672
8.928
8.192
8.192
10.24
9.952
7.392
8.192
9.664
8.48
9.472
8.192
9.76
8.8
8.896
8.608
8.192
8.192
8.192
8.864
8.608
8.192
9.408
10.144
8.192
9.312
9.344
8.64
9.408
9.216
