71.424
14.272
11.264
10.88
8.736
10.24
9.664
10.24
10.016
9.184
10.528
8.992
8.896
8.8
8.64
10.784
8.512
8.8
9.312
9.472
8.48
9.248
8.192
10.176
8.192
8.352
8.832
8.832
8.192
8.448
12.288
9.504
9.568
8.576
9.408
8.768
8.192
9.12
8.224
8.192
8.48
9.408
10.24
9.984
8.192
8.832
9.536
8.576
8.992
8.192
9.216
9.792
9.024
9.408
8.96
8.192
9.6
8.768
9.504
8.192
8.992
9.6
9.216
9.152
8.672
8.32
9.44
8.928
10.24
8.192
9.472
9.856
10.048
10.24
9.536
9.728
9.792
9.056
8.992
9.216
9.6
10.08
8.672
10.24
9.664
8.672
8.192
8.864
8.48
8.768
9.632
10.24
8.192
8.704
9.536
10.112
8.192
8.192
9.504
9.92
9.152
10.24
8.928
8.352
9.664
9.44
8.192
8.384
9.664
9.6
9.984
9.056
9.12
10.048
9.12
8.224
8.192
8.512
8.736
8.416
8.192
8.192
8.48
8.576
12.288
8.96
9.824
9.344
9.248
8.544
8.384
8.832
9.824
8.768
9.728
9.792
8.192
8.192
8.32
10.176
9.664
8.8
10.112
8.544
9.28
9.344
8.96
8.896
8.192
8.384
8.768
8.192
8.544
9.984
8.224
9.44
9.696
9.376
8.512
8.8
8.448
8.352
9.568
10.24
9.056
9.952
9.152
10.08
9.12
8.288
8.32
8.256
9.664
8.896
8.96
9.952
9.024
10.24
9.184
9.312
8.544
8.576
9.792
8.192
9.44
9.504
8.992
8.384
9.728
8.864
8.928
4.896
8.576
9.248
9.216
8.704
8.704
8.352
9.408
8.48
8.64
8.256
8.608
9.856
8.192
9.76
9.248
8.192
8.8
9.408
8.384
9.536
8.896
9.024
8.64
9.632
8.544
9.44
8.64
8.992
8.544
9.568
8.384
8.672
8.704
8.704
8.384
9.664
8.192
12.288
8.864
8.32
9.376
8.576
9.344
9.632
8.96
8.736
8.384
8.192
10.176
10.24
9.792
9.312
8.288
8.448
8.192
8.544
9.152
9.888
10.24
8.32
8.384
8.288
8.512
9.376
9.44
10.112
8.736
9.024
9.088
9.664
10.016
8.768
8.544
8.32
9.056
9.472
8.8
8.416
8.704
8.896
8.416
9.376
10.24
9.152
8.736
8.864
9.504
9.664
8.928
10.24
8.928
10.24
9.6
9.728
9.984
9.664
8.448
8.576
9.472
12.608
9.792
8.8
8.192
9.696
10.24
8.192
9.44
9.664
8.832
8.608
8.864
9.472
8.192
9.376
9.44
8.384
8.352
9.696
9.44
8.416
20.416
9.536
9.312
9.632
10.144
8.448
8.544
9.824
8.64
9.536
12.288
8.192
8.32
8.192
9.024
8.288
8.192
8.896
8.832
8.704
8.192
9.76
8.928
8.928
8.288
9.184
10.24
8.256
9.76
9.696
9.632
9.76
8.8
9.408
8.192
8.832
8.768
8.64
10.016
8.192
9.44
9.984
10.24
9.856
8.608
9.088
8.768
9.92
8.672
8.768
8.544
8.896
9.792
9.024
8.8
8.512
8.288
8.544
9.28
8.576
8.704
9.696
9.888
13.216
10.208
8.864
9.44
8.192
8.928
9.664
9.952
9.76
9.76
8.192
9.888
10.176
8.96
9.792
9.792
9.664
10.048
8.992
8.928
8.192
8.384
8.992
8.192
8.896
8.768
8.288
4.48
8.192
8.352
8.256
9.824
9.28
9.504
9.632
9.28
9.28
8.256
8.832
9.184
8.896
9.024
9.984
9.664
9.792
8.32
8.448
9.92
8.672
8.928
10.24
8.288
9.088
9.024
9.376
8.256
9.888
10.24
9.792
8.544
8.992
9.472
9.312
9.632
8.48
8.896
8.384
10.24
8.544
9.504
10.24
8.608
9.216
10.176
8.64
8.224
8.32
9.6
8.192
8.576
9.088
8.736
10.144
8.576
9.696
8.192
9.984
8.192
9.088
8.704
8.928
8.736
10.112
9.024
8.192
10.24
8.864
8.192
8.192
10.048
8.96
8.32
10.112
8.352
8.192
9.984
8.224
10.048
9.152
9.056
9.6
8.576
8.768
9.024
8.192
9.28
9.856
8.32
8.96
8.224
9.216
9.536
9.248
8.224
8.224
8.224
8.544
8.704
8.512
8.832
8.32
8.48
8.736
9.856
8.192
9.76
8.416
8.832
8.288
8.192
8.704
9.376
9.888
8.96
9.376
9.888
8.768
11.136
8.192
8.704
8.864
8.992
8.192
9.632
8.192
9.216
8.992
8.224
8.864
8.32
8.192
8.608
9.568
9.472
8.576
8.768
8.576
10.144
8.8
9.44
8.512
8.608
8.992
10.016
8.736
9.6
8.256
8.192
9.856
10.24
8.672
8.192
8.192
9.664
9.248
8.192
8.544
8.96
9.472
9.376
8.8
9.696
8.576
9.472
9.44
8.736
8.448
8.192
9.44
8.96
11.648
8.992
9.792
8.416
8.192
8.544
8.192
8.64
8.192
9.888
10.112
10.24
8.544
8.896
8.544
8.384
8.768
9.824
9.44
8.48
9.472
9.472
10.016
8.608
8.864
8.768
8.192
8.384
8.192
8.224
8.736
10.912
9.536
9.312
9.568
9.216
8.832
8.416
8.192
9.12
9.6
8.608
9.568
8.32
10.112
9.44
8.896
9.696
9.728
9.824
9.088
8.64
9.792
8.608
9.792
10.24
8.384
8.224
9.536
8.928
9.856
10.112
8.576
10.24
9.824
9.056
10.208
9.6
8.288
9.632
8.8
9.216
8.544
9.216
8.736
10.016
9.632
9.248
8.832
9.376
8.384
9.76
9.376
8.96
9.376
9.952
8.992
8.448
8.192
8.192
8.448
9.472
10.048
9.824
8.256
9.024
9.568
8.64
8.448
8.672
8.224
9.504
8.704
8.224
9.76
11.232
9.472
9.056
8.256
8.448
9.792
9.728
8.192
9.536
9.696
8.864
8.352
8.928
9.92
9.12
9.952
8.832
9.632
8.512
9.504
8.192
8.224
9.76
9.536
8.416
9.92
9.024
9.952
9.856
9.696
9.664
10.048
8.608
8.416
9.12
9.44
9.504
8.192
9.984
8.192
9.664
8.256
8.448
8.928
8.864
10.24
8.608
10.176
8.416
8.256
9.856
9.28
12.288
9.536
9.952
9.44
9.632
9.28
8.288
8.544
8.544
8.704
9.632
8.736
9.088
8.576
8.672
9.92
10.048
9.024
9.28
8.192
9.92
8.736
9.28
8.416
8.608
9.152
9.888
9.28
9.76
9.664
9.76
9.536
8.896
8.32
9.408
9.152
8.288
8.96
8.192
8
8.544
8.192
8.832
9.376
8.192
8.192
8.352
8.512
8.192
8.736
9.344
8.544
8.192
11.872
8.96
8.48
9.536
8.736
8.192
8.544
8.512
9.344
9.248
8.8
9.184
8.768
8.352
9.024
8.832
8.32
8.192
8.352
9.408
8.192
8.192
8.544
8.192
8.576
8.192
8.192
8.192
8.48
8.416
8.512
8.384
8.256
8.576
9.632
8.608
9.632
8.576
8.192
8.32
8.192
8.896
8.192
9.536
10.24
10.112
8.192
9.44
9.824
8.192
8.864
8.192
9.536
10.048
11.2
8.448
9.824
9.248
8.192
8.192
8.768
8.896
9.344
9.376
8.736
20.128
8.192
9.632
8.704
8.192
8.352
8.192
8.192
9.472
8.544
8.32
8.768
9.696
8.544
8.64
8.288
9.12
8.256
9.376
8.672
8.256
9.504
8.64
9.088
9.312
8.832
8.192
9.344
8.608
8.192
9.216
8.608
8.192
8.192
8.288
8.192
8.768
8.448
8.352
8.608
7.904
8.32
8.512
8.128
8.192
8.864
8.192
9.568
8.512
8.32
9.28
8.96
9.536
8.256
8.192
8.192
10.24
8.864
8.544
9.408
9.504
9.92
8.704
10.24
9.632
9.6
9.472
9.696
9.792
9.408
10.24
8.832
8.928
9.6
9.504
9.664
8.736
8.192
9.76
8.448
8.352
8.512
9.472
8.256
8.736
8.192
8.192
8.896
8.608
9.504
8.768
8.256
9.408
8.64
8.352
8.192
8.544
8.768
8.192
9.568
8.224
8.192
8.832
8.192
8.096
8.224
8.192
8.288
8.192
9.376
9.728
9.408
8.992
10.016
8.192
9.024
8.192
8.768
8.448
8.736
9.568
8.192
8.832
8.192
8.192
8.704
9.472
8.32
8.704
8.192
9.632
8.192
8.768
8.192
8.896
9.504
8.704
8.192
8.8
8.288
9.408
8.32
9.536
8.192
8.608
9.824
8.416
8.32
9.44
8.64
