73.024
16.192
14.304
14.336
13.6
14.336
13.824
12.864
12.864
12.864
13.536
13.28
12.544
13.312
14.336
13.824
12.928
13.28
12.608
12.288
12.704
12.352
12.352
12.704
12.928
12.288
12.576
13.312
12.544
12.48
13.024
12.736
12.288
13.728
12.288
13.632
12.288
13.344
12.736
13.888
13.408
12.48
13.92
14.336
12.288
12.832
12.288
13.088
12.544
12.576
14.016
12.288
12.448
13.536
13.344
12.288
13.536
12.768
12.288
12.288
12.448
12.544
13.376
12.32
13.376
12.928
13.44
12.512
12.32
12.48
12.96
13.824
12.288
13.76
12.416
12.288
13.536
12.288
12.512
12.768
12.288
12.544
12.288
12.288
12.672
13.664
12.544
12.416
13.216
14.08
12.736
12.544
13.376
12.8
12.864
13.888
12.768
13.44
12.992
14.176
12.736
13.44
14.016
14.336
12.288
13.728
13.376
13.696
12.288
12.48
12.288
12.288
12.8
12.288
12.736
12.288
12.64
14.176
12.288
13.344
12.416
13.536
13.632
12.352
12.96
13.696
12.288
13.856
12.288
12.896
12.896
12.288
14.048
12.896
13.504
14.048
13.664
12.288
12.288
12.288
12.64
12.288
12.864
12.928
12.608
13.408
12.288
12.704
13.312
12.448
13.568
12.64
12.928
12.288
12.288
12.544
13.6
12.736
12.64
13.952
12.288
12.672
12.288
12.64
12.288
12.288
12.448
13.632
12.704
13.6
12.512
12.928
13.76
12.288
12.416
12.288
12.352
9.152
12.352
13.472
13.376
12.768
12.672
12.288
12.384
13.92
12.288
12.736
12.448
13.696
12.288
13.056
13.6
13.888
12.288
13.76
12.96
12.288
12.608
12.288
12.608
13.216
12.288
12.704
12.288
13.344
12.352
12.768
12.384
13.376
12.928
13.44
12.448
13.952
12.288
13.696
12.352
12.288
12.128
13.312
12.736
12.288
13.92
12.544
12.352
12.288
12.832
12.288
12.16
12.352
12.704
12.864
13.92
13.408
12.288
13.472
12.576
13.408
12.736
12.288
12.576
12.672
12.448
12.928
12.288
12.64
12.512
12.288
13.728
12.288
12.992
13.312
13.792
12.48
12.16
12.288
13.952
12.48
12.64
13.6
16.832
14.176
13.888
12.832
12.288
12.8
12.288
14.048
12.672
13.792
12.768
12.288
13.344
12.576
13.408
12.768
12.288
12.608
12.704
12.672
13.312
12.48
13.312
12.288
12.448
15.936
13.568
12.288
12.704
12.288
12.448
13.632
12.768
13.568
12.864
13.376
13.92
12.352
14.144
13.888
12.64
12.288
12.416
13.408
13.888
12.8
13.76
12.992
12.288
12.896
13.984
12.896
13.696
12.448
13.536
13.664
12.544
13.984
12.416
12.608
12.288
13.152
13.44
12.832
13.696
13.376
12.8
12.288
12.416
12.576
13.408
12.768
13.44
12.448
12.288
12.288
13.44
12.736
12.288
12.32
13.312
12.832
12.768
13.376
12.896
12.288
14.016
12.288
12.736
14.24
12.416
12.768
12.384
12.416
12.672
12.288
12.992
13.92
12.288
12.64
12.544
13.6
13.056
12.192
12.576
12.576
12.288
13.984
12.352
12.832
12.288
12.896
12.288
12.64
12.864
13.888
12.288
12.8
12.736
13.536
13.6
12.608
13.696
12.416
12.736
13.408
12.992
12.288
13.12
14.016
12.384
12.736
12.288
12.864
13.344
12.672
14.336
12.288
12.288
12.288
12.352
12.32
13.888
13.344
12.96
12.288
12.576
12.48
12.64
13.76
12.288
12.704
13.6
12.288
12.288
12.512
12.224
13.632
12.448
12.512
12.288
12.736
12.288
12.704
14.08
14.016
12.288
12.48
12.448
12.896
12.288
12.832
13.568
14.336
9.888
12.256
12.576
12.768
12.288
12.288
12.8
13.632
13.504
12.288
12.736
12.288
13.696
12.288
12.288
12.96
13.376
12.992
13.184
12.704
12.288
12.64
13.76
12.288
12.896
12.992
12.288
14.176
12.288
13.728
12.448
12.32
12.8
13.856
13.792
13.568
12.64
12.736
12.384
12.448
12.288
12.96
12.992
12.896
12.768
12.704
12.576
12.384
12.672
12.64
12.288
12.8
12.448
12.672
13.536
12.224
12.288
12.288
12.192
13.6
12.992
13.536
13.856
13.312
14.336
14.016
13.92
13.216
12.288
13.248
14.336
14.272
14.144
13.792
13.952
13.984
14.336
14.08
14.336
13.952
15.616
13.12
14.336
14.336
13.184
14.08
12.576
12.928
14.336
13.696
14.336
14.336
12.96
14.048
12.672
12.832
13.824
13.184
12.288
12.608
13.472
14.336
12.384
12.832
12.864
12.288
12.896
12.288
13.888
12.64
12.576
13.856
13.184
12.96
12.48
14.336
13.312
13.408
13.536
13.216
13.632
13.056
14.304
13.024
13.408
13.216
14.176
12.832
13.728
12.416
14.016
12.768
12.544
12.352
13.568
12.96
13.12
12.448
13.792
13.216
13.952
12.288
13.12
13.952
12.992
13.376
12.768
13.76
12.576
12.288
13.248
13.312
12.928
13.12
13.728
13.312
13.728
13.088
14.304
14.048
12.832
13.568
13.152
14.336
13.664
13.184
12.288
12.704
13.824
12.736
14.336
12.384
13.376
13.856
13.632
13.888
12.896
12.896
12.544
12.992
12.288
14.272
13.152
13.696
12.96
13.664
12.96
13.728
13.152
17.952
14.336
13.696
12.864
12.384
13.632
14.112
13.12
13.408
12.736
13.344
12.96
12.896
13.088
14.336
12.448
12.928
13.76
13.152
13.76
12.864
12.32
14.016
12.896
13.408
13.952
12.48
13.536
12.96
12.352
13.632
12.992
13.28
13.664
13.024
13.824
13.12
13.952
12.544
12.352
12.768
12.288
12.32
13.408
14.336
12.544
13.6
12.48
12.48
12.288
12.416
12.832
12.288
13.76
13.408
12.672
12.576
12.288
12.608
12.288
9.408
12.64
12.608
13.76
12.416
12.736
12.512
12.992
12.288
12.288
12.576
12.288
13.376
13.728
13.536
12.64
13.664
12.288
12.48
12.704
13.856
12.832
13.728
12.896
13.792
12.928
13.632
12.672
14.368
13.632
12.608
12.768
13.184
12.288
12.544
14.112
12.992
12.288
12.288
13.632
13.504
12.896
12.672
12.288
12.832
13.888
12.512
12.672
13.536
12.384
13.056
13.856
12.288
13.024
13.056
13.088
12.288
12.832
12.288
12.352
12.512
13.568
13.504
12.416
12.288
13.504
13.312
13.472
12.736
13.472
12.448
14.272
12.352
12.576
12.928
12.288
12.768
12.288
12.928
13.056
12.48
13.088
13.536
12.192
12.288
12.384
12.64
12.352
12.736
12.288
13.824
12.48
12.672
12.8
13.824
12.288
12.512
12.832
11.264
12.544
13.376
13.312
12.704
13.472
12.288
13.856
13.984
13.44
12.192
12.288
13.568
12.288
12.736
13.024
12.288
12.8
12.288
12.96
13.28
13.344
12.288
12.416
12.448
12.704
12.288
12.864
13.056
12.288
12.384
12.544
12.384
13.152
13.088
13.728
13.76
13.984
12.288
12.608
12.288
12.64
13.44
12.544
13.024
12.288
13.024
13.44
12.512
13.664
12.416
12.704
12.512
13.44
12.48
12.672
13.6
13.472
13.536
13.024
13.664
13.792
13.312
12.96
13.696
13.472
12.768
12.288
13.888
12.288
12.832
12.64
12.736
12.448
13.12
12.288
12.672
13.504
12.832
13.568
13.408
12.864
12.288
12.864
12.928
12.448
12.992
12.928
13.024
12.352
12.768
13.664
13.632
12.768
12.384
13.728
13.344
12.896
13.568
12.288
14.144
12.352
12.672
12.384
12.832
12.736
12.32
13.216
14.336
12.512
13.504
13.024
13.888
12.288
12.8
12.288
13.824
13.344
12.576
13.472
12.48
12.704
13.696
12.288
12.608
12.8
12.288
12.576
13.024
12.416
12.768
12.288
12.448
14.336
13.12
13.088
13.728
12.864
13.344
12.8
13.472
14.304
12.512
13.504
12.96
13.312
13.952
13.248
12.384
13.472
13.856
12.384
12.448
12.512
12.896
13.184
13.76
13.344
12.288
13.92
12.288
13.568
13.792
14.08
13.632
12.352
12.48
12.288
12.832
12.288
12.768
12.224
12.48
12.288
12.288
12.288
13.824
12.672
12.288
12.8
13.408
14.272
13.6
13.12
13.568
13.632
12.576
13.312
12.992
13.536
12.672
13.536
12.448
12.96
13.6
13.344
12.48
12.288
13.056
12.352
13.568
12.672
13.632
14.176
14.112
12.288
12.32
12.992
12.608
12.288
12.288
13.024
13.472
12.288
13.664
12.384
12.384
13.504
12.672
