71.36
12.288
11.488
10.592
10.24
10.24
11.616
10.528
10.496
10.208
11.392
10.272
10.368
10.496
11.392
10.336
10.528
10.208
10.24
10.24
10.24
10.24
10.24
10.144
11.296
11.328
11.488
9.248
9.856
10.784
12.192
10.304
10.336
11.456
11.392
14.08
20.864
11.872
10.24
9.536
9.216
10.048
9.856
10.24
9.12
9.952
8.96
9.6
10.24
10.048
9.824
9.632
10.24
10.112
8.992
10.208
9.888
9.632
10.208
8.864
10.24
9.664
10.496
9.888
10.24
10.24
9.024
10.24
8.928
9.696
10.24
10.24
10.016
8.704
10.24
10.048
10.24
9.824
10.144
10.112
10.24
10.144
9.12
10.208
10.176
9.984
10.24
10.24
9.76
10.24
10.176
8.992
10.048
10.24
9.664
9.216
10.24
10.24
9.152
9.728
10.24
9.856
10.24
9.856
10.176
8.96
9.792
10.592
10.24
10.016
10.24
10.112
9.12
10.048
10.24
10.24
8.928
12.192
10.24
9.984
10.24
9.76
10.24
10.24
10.24
9.824
10.24
9.92
10.24
9.792
10.24
10.24
8.96
10.24
10.24
9.92
10.24
9.824
9.088
10.08
9.92
10.24
9.696
10.24
10.112
9.92
10.24
9.536
10.24
10.144
10.24
10.24
10.016
9.76
10.24
8.832
10.24
9.12
9.824
10.24
10.24
9.984
10.24
10.08
10.24
9.632
10.24
10.176
10.24
10.24
9.056
9.984
9.152
10.24
9.728
10.24
8.96
10.24
9.984
10.24
9.888
10.24
10.24
10.24
10.24
10.208
10.336
10.24
9.888
9.824
10.24
8.768
9.824
10.24
10.176
9.088
10.144
10.24
10.4
10.592
10.24
10.176
8.96
10.24
8.928
10.048
10.24
9.888
10.24
9.76
10.24
10.112
9.024
10.24
10.208
10.24
10.08
9.184
9.76
10.08
8.704
10.24
10.304
10.4
10.592
10.24
10.176
10.24
10.432
10.304
10.24
10.88
10.24
10.24
9.184
9.824
10.112
10.24
10.24
10.24
10.144
10.24
10.24
10.208
10.24
10.208
10.24
10.784
10.24
10.24
9.952
10.112
8.768
10.24
10.24
10.24
9.856
10.048
10.24
9.984
10.24
9.984
10.24
10.112
9.12
10.24
9.952
10.24
9.6
10.24
10.24
9.824
10.208
8.672
10.24
10.208
10.24
10.176
9.088
10.24
10.208
10.24
10.24
9.984
10.24
9.216
9.92
9.024
10.24
9.824
10.24
10.208
10.24
9.952
10.24
10.464
10.24
9.792
10.176
10.208
10.24
8.832
10.08
10.208
10.24
10.24
10.24
9.824
9.12
12.288
10.24
10.24
9.76
10.24
10.24
9.984
10.24
10.144
9.92
10.112
10.112
9.888
9.12
9.856
10.24
10.24
9.92
8.992
10.24
10.208
9.792
10.24
9.92
10.24
9.216
9.792
10.08
12.736
10.016
10.24
10.144
10.208
10.24
10.016
9.088
9.952
10.24
10.048
10.24
9.952
10.24
9.888
9.856
10.24
8.736
10.016
10.24
9.728
10.016
10.048
9.888
10.24
9.792
10.08
10.24
9.184
10.144
9.696
9.92
10.24
10.24
9.824
9.856
9.152
9.92
10.24
10.08
10.24
10.176
10.24
10.144
10.24
10.24
9.056
10.24
10.336
9.12
10.24
9.952
8.8
10.24
10.24
9.856
10.24
9.888
10.24
8.896
9.824
10.24
9.92
10.24
10.144
9.888
9.76
10.24
9.728
10.24
8.672
10.24
8.96
8.864
10.24
9.088
9.952
9.152
10.24
10.272
9.952
9.92
10.24
9.984
9.92
9.184
10.112
8.928
9.888
10.24
10.08
9.088
10.24
10.24
10.176
10.08
10.208
10.24
9.888
10.24
10.208
10.208
9.984
10.24
10.176
10.208
9.792
10.176
10.24
9.984
10.24
12.384
10.464
10.24
10.208
10.336
10.08
10.24
10.688
10.24
10.24
9.152
10.336
11.424
10.24
10.752
10.24
10.176
10.24
10.208
10.176
10.24
10.144
10.112
10.24
10.208
10.08
10.368
10.272
10.24
10.4
10.24
10.24
10.656
10.24
10.112
10.24
10.112
10.24
10.24
10.24
10.08
10.24
10.4
10.24
10.112
10.24
12.448
10.24
10.048
10.24
10.08
14.112
10.464
10.208
10.24
9.984
10.24
8.672
9.952
10.24
9.792
10.016
8.928
10.24
9.76
10.24
10.208
10.016
10.112
9.152
10.144
10.24
9.856
10.24
10.016
8.96
9.664
10.24
9.856
9.984
10.24
9.664
10.24
9.92
9.056
9.792
10.24
10.048
10.048
9.984
10.24
10.176
10.24
9.888
9.216
9.888
9.088
9.632
10.176
8.864
10.176
10.24
10.24
10.24
10.24
10.048
9.76
10.336
10.24
9.536
10.208
10.24
9.888
10.24
9.632
9.92
10.24
10.016
10.24
10.048
9.024
9.984
10.336
10.24
10.24
9.568
10.24
9.888
10.24
9.856
10.176
9.056
9.888
10.24
13.632
10.048
10.24
10.048
10.24
10.24
10.24
9.728
10.24
10.08
10.24
9.888
10.24
9.888
10.016
10.24
9.824
10.24
9.76
10.24
10.016
9.024
10.048
8.832
9.984
10.24
10.24
9.76
10.464
10.272
8.928
10.24
9.856
10.08
10.24
10.24
9.856
10.24
9.792
10.24
10.24
9.952
9.888
10.016
10.24
10.432
10.24
9.856
10.24
9.888
10.24
9.984
9.024
10.24
8.896
11.232
10.272
10.08
10.208
10.24
10.016
9.056
10.208
10.208
10.24
9.92
10.016
10.112
9.984
10.24
10.08
8.928
10.08
10.048
10.24
9.056
10.08
10.24
10.048
10.016
10.24
10.08
10.208
13.664
9.92
10.24
10.144
10.08
10.24
9.664
10.24
10.24
8.928
10.24
9.696
10.24
10.24
9.888
9.984
10.24
8.96
9.568
10.24
9.728
9.984
9.856
9.664
9.888
10.24
10.016
10.048
10.24
9.664
10.432
10.24
9.92
10.24
10.144
10.24
10.016
9.184
10.24
10.208
9.856
10.24
9.792
10.048
10.112
10.24
9.856
10.24
9.92
10.24
10.016
9.152
9.824
10.24
9.76
8.992
9.12
10.048
10.24
10.144
8.928
9.888
10.24
10.144
9.152
9.792
9.12
9.728
10.112
10.24
10.24
9.984
8.992
10.016
10.24
9.984
9.12
9.824
10.24
10.048
9.12
10.24
10.4
10.368
10.176
10.208
10.24
10.528
10.24
10.208
10.24
10.528
10.24
10.464
10.304
10.24
10.336
10.24
10.24
10.304
10.24
10.464
10.24
10.24
10.208
10.24
10.176
10.144
10.496
14.336
10.24
10.496
10.24
10.432
11.296
10.048
10.24
21.28
8.992
9.984
10.24
9.792
10.24
9.856
9.792
10.24
9.856
10.528
10.24
9.184
9.888
10.24
10.208
10.24
10.176
9.984
12.384
10.208
10.24
9.12
10.24
9.888
10.208
10.496
10.24
10.112
9.12
9.76
10.24
10.24
9.76
10.24
10.08
9.024
10.208
8.864
10.24
10.016
10.24
9.728
9.984
10.24
9.824
10.24
10.24
8.8
10.048
9.184
10.08
10.24
10.112
10.24
10.176
10.336
9.792
10.24
9.088
9.76
10.24
10.208
10.24
10.08
10.24
9.984
10.24
9.888
10.048
10.016
10.208
9.088
10.048
10.048
10.528
10.24
10.24
9.728
10.24
8.768
10.24
8.832
10.24
9.856
11.264
10.24
9.92
10.24
8.832
10.24
10.656
10.24
9.92
10.24
10.24
9.568
10.112
10.208
10.048
10.208
10.24
10.176
10.336
10.24
8.896
10.112
10.24
10.24
10.24
10.24
10.24
10.656
10.592
10.336
10.24
11.584
11.264
10.24
11.488
10.336
10.272
10.496
10.72
10.528
10.336
10.272
10.24
10.336
10.304
10.304
10.72
10.24
10.24
10.24
10.24
10.24
10.24
10.24
10.24
10.24
10.24
10.24
10.24
10.24
10.24
10.24
10.336
10.4
10.368
10.24
10.24
10.24
14.048
10.24
10.112
9.184
10.08
9.216
9.76
10.24
10.144
10.112
10.24
10.24
9.952
10.048
8.896
10.24
10.112
10.24
10.368
10.08
9.12
10.176
9.184
9.888
10.24
9.984
10.24
9.856
10.24
10.176
10.08
9.056
10.208
8.96
10.24
9.824
10.208
10.24
10.24
10.24
10.24
10.24
9.824
10.24
10.368
10.176
10.304
10.24
9.824
10.24
9.12
8.832
10.24
10.208
10.176
9.056
10.048
10.24
10.24
9.76
10.24
9.728
10.208
9.152
9.824
