73.728
12.64
10.848
12
10.24
10.24
9.216
9.184
10.24
10.24
10.496
10.24
10.24
10.016
9.984
9.984
10.24
10.24
10.272
10.24
10.24
9.952
10.24
10.24
10.24
10.176
10.4
10.112
10.112
10.176
9.184
10.24
10.24
9.728
10.336
9.984
10.24
10.112
10.368
8.928
10.24
10.016
9.184
10.24
22.048
10.144
10.24
8.576
8.832
9.152
10.208
10.24
10.016
10.048
10.24
8.896
10.176
10.144
10.048
10.24
10.24
9.792
9.92
9.984
10.24
9.664
10.112
10.176
10.24
9.76
9.824
10.24
10.24
9.984
9.824
9.696
9.824
9.856
9.888
10.112
10.24
9.184
9.152
8.896
9.12
8.928
9.92
9.728
9.856
10.08
10.176
10.24
9.952
10.08
9.952
10.24
10.24
8.896
8.896
10.24
10.24
9.088
10.048
10.016
10.24
9.152
8.64
8.416
9.856
8.512
8.96
9.792
10.048
9.792
9.92
9.536
10.24
8.832
10.24
8.896
10.144
9.792
9.664
9.216
9.088
8.608
9.216
8.736
9.472
8.416
8.64
8.352
9.12
10.24
8.928
8.992
10.144
10.08
10.112
8.8
9.12
9.088
9.056
8.736
10.24
8.576
10.24
9.888
10.24
9.024
10.24
8.896
9.6
9.312
9.92
9.792
8.576
8.704
9.728
10.112
9.888
10.24
9.152
9.44
9.92
9.344
9.792
9.856
10.144
9.088
8.8
8.704
9.056
8.928
9.792
10.144
10.208
8.96
9.504
9.952
10.176
10.24
10.24
10.24
10.208
8.8
8.608
8.544
9.632
9.536
8.672
9.696
10.24
9.76
9.472
9.536
8.544
8.544
8.768
9.92
12.288
10.048
9.888
9.568
9.696
10.24
10.24
9.888
9.952
9.6
10.208
9.184
10.144
10.24
9.088
8.576
8.704
8.512
8.992
9.056
9.216
10.08
8.64
8.832
9.152
9.888
8.928
12.32
10.24
10.176
10.24
9.824
9.952
9.536
9.504
9.632
9.568
9.824
10.112
9.792
9.664
10.048
10.112
9.12
10.08
10.24
9.696
10.336
10.24
9.088
8.864
8.992
9.664
8.896
10.016
10.496
10.24
10.24
9.12
9.856
9.088
9.152
10.24
9.984
10.016
10.24
10.24
10.24
9.888
9.76
9.92
10.24
10.112
10.24
9.024
9.12
9.888
10.112
10.208
10.272
8.928
10.176
9.728
10.112
10.24
10.24
9.184
10.24
10.112
10.24
8.96
8.928
9.856
9.76
9.888
9.888
10.24
10.24
9.184
9.76
9.824
9.824
9.632
10.336
9.856
10.08
10.24
9.12
9.056
9.12
9.632
44.672
10.016
8.96
8.8
9.184
8.864
9.856
9.472
9.856
9.824
8.768
8.672
9.12
8.832
9.856
9.728
9.504
9.472
9.888
10.016
26.624
10.24
9.888
10.048
9.952
9.888
10.08
10.24
10.24
10.24
8.832
9.888
9.856
9.76
9.984
10.016
10.24
10.24
8.8
9.984
10.016
9.92
10.24
9.056
10.24
9.856
10.304
10.24
8.896
9.792
10.24
10.176
9.184
10.24
9.824
8.96
8.992
10.176
9.824
9.888
9.856
10.112
10.272
10.24
10.24
8.96
9.088
8.928
9.76
10.208
10.24
8.928
9.216
10.24
8.928
9.728
8.544
8.768
8.64
9.92
9.824
9.536
9.504
10.08
10.24
8.768
8.8
9.568
10.016
9.76
9.504
9.568
9.44
8.512
9.696
9.536
10.272
10.08
10.24
10.24
10.24
9.12
9.696
10.048
10.048
9.824
9.504
9.664
9.728
9.472
9.568
9.792
9.536
9.6
9.824
10.24
9.088
8.736
9.6
9.76
10.24
8.736
9.44
10.176
8.832
8.96
8.832
9.728
10.048
10.24
9.024
8.832
9.568
8.544
9.856
9.6
9.76
9.888
9.696
9.664
10.048
9.792
9.664
9.536
9.6
9.44
8.768
8.96
9.088
8.672
9.664
9.6
10.24
8.96
8.928
9.184
8.8
9.536
8.576
8.608
9.792
9.856
9.472
9.888
9.6
9.664
9.792
9.76
9.536
9.536
9.792
8.512
8.704
8.8
8.992
8.992
9.056
9.696
9.792
9.088
8.96
8.768
9.664
9.728
9.76
9.536
9.952
10.24
8.832
8.992
8.896
10.176
10.112
10.112
9.792
8.608
9.888
10.144
9.792
9.6
9.824
10.24
9.184
10.24
10.048
9.856
9.984
10.144
9.984
10.24
9.696
9.728
9.664
9.792
10.24
10.016
9.728
9.408
10.24
10.24
10.208
10.24
9.76
8.512
9.984
9.76
9.664
9.696
9.856
9.888
10.24
10.08
10.24
8.928
9.728
8.896
10.24
9.184
10.24
8.8
8.8
9.056
10.24
9.568
8.928
8.512
9.504
9.952
10.24
9.216
10.24
10.24
10.24
9.792
9.888
9.984
9.76
10.24
8.8
9.92
9.76
9.728
10.016
9.184
10.24
8.608
8.416
8.832
9.12
9.12
8.896
9.504
8.704
8.768
9.824
9.664
9.792
10.24
9.12
10.24
9.664
8.672
8.64
8.544
8.544
10.24
9.152
9.216
9.984
9.888
9.76
9.92
10.24
10.24
9.184
8.96
10.112
10.24
8.832
9.664
10.24
9.984
9.696
10.208
8.704
10.24
10.24
8.768
8.352
9.728
10.24
10.208
10.112
9.76
9.92
9.408
9.632
9.408
9.472
9.568
9.44
8.512
9.888
9.408
9.6
8.704
9.792
10.016
10.016
9.952
9.76
10.144
10.208
10.24
9.152
8.672
8.768
9.12
11.072
10.24
10.048
10.24
10.24
10.24
10.08
9.44
9.472
10.208
10.08
9.952
9.504
9.792
10.048
10.24
8.992
8.992
8.896
8.992
8.896
10.24
9.76
8.448
9.312
10.208
9.856
9.664
9.536
9.984
10.24
10.24
9.088
10.24
8.864
9.728
8.48
9.504
10.112
10.24
10.24
8.672
10.048
10.24
10.24
9.824
10.24
9.088
10.112
9.856
9.792
9.664
10.24
9.152
10.176
9.568
8.672
9.568
9.6
9.824
9.504
9.696
10.24
9.984
9.984
10.24
8.992
9.152
10.208
9.152
10.24
9.216
8.864
9.024
9.184
10.24
8.96
8.608
8.864
8.864
8.96
9.696
10.24
9.76
9.888
10.144
10.24
9.664
9.6
8.832
9.856
9.632
9.568
8.48
10.144
9.984
9.568
8.736
8.992
9.504
9.568
9.6
10.048
10.048
9.952
10.144
8.992
10.24
10.88
9.088
10.048
10.24
9.184
10.24
9.056
10.24
8.832
9.536
10.112
9.152
10.208
10.176
9.152
9.12
8.704
8.8
10.016
9.984
8.864
8.96
9.984
9.92
10.24
9.92
9.856
10.24
9.952
9.728
9.696
9.76
10.24
9.856
9.536
9.76
9.568
8.64
9.6
9.472
9.536
9.472
10.016
9.024
8.8
9.024
8.64
8.8
8.704
10.016
10.112
10.176
10.24
10.24
10.176
9.152
9.216
9.024
8.896
8.672
8.832
8.608
9.152
10.24
10.144
9.696
8.704
9.216
10.24
9.152
8.704
8.896
8.736
8.992
9.792
8.896
9.664
9.664
9.92
8.576
8.768
9.184
8.864
9.952
9.952
9.792
9.792
8.64
8.768
8.8
4.864
8.896
8.672
8.96
9.792
8.8
8.672
8.64
8.768
8.736
9.12
9.472
9.632
9.824
9.6
9.472
8.8
10.24
8.544
8.96
8.96
9.088
8.864
9.024
9.952
8.864
9.12
10.24
9.056
9.056
9.056
8.704
8.928
8.864
10.016
9.504
8.48
8.608
9.824
9.984
9.696
9.984
9.856
9.664
9.952
10.176
9.056
10.144
10.112
10.24
10.24
9.088
9.152
10.048
9.088
9.088
10.24
8.8
9.088
10.24
10.24
8.896
8.864
8.608
8.608
8.608
9.856
9.504
9.44
8.512
8.704
9.76
10.208
9.216
8.96
8.864
8.704
8.928
10.048
9.568
9.728
10.08
9.12
8.928
8.864
9.952
9.728
9.504
9.6
9.696
9.952
9.536
9.952
9.792
9.696
9.696
9.6
8.736
10.24
10.24
9.088
10.24
10.24
8.512
9.792
10.016
9.952
8.64
8.576
8.864
8.832
8.896
9.696
9.504
9.536
9.568
9.952
9.6
9.568
8.576
10.048
10.24
8.704
10.24
9.056
10.112
8.992
9.184
8.672
9.664
9.792
10.144
10.24
10.24
9.984
9.824
9.76
9.984
9.856
9.6
10.048
10.24
10.24
9.056
10.048
10.112
10.08
10.112
9.216
8.896
8.608
8.416
8.928
