1459.07
1067.52
1064.83
1063.9
1064.96
1064.58
1091.3
1063.71
1066.05
1063.81
1062.91
1064.96
1064.29
1064.96
1064.45
1063.62
1063.87
1063.42
1064.26
1064.64
1062.94
1064.96
1063.71
1066.53
1065.25
1066.11
1064.8
1064.96
1064.86
1064.67
1064.86
1064.86
1064.96
1063.74
1063.74
1062.91
1062.91
1065.18
1064.93
1064.9
1064.96
1064.96
1063.87
1065.06
1065.06
1064.77
1063.55
1063.78
1064.64
1064.54
1063.94
1063.65
1065.7
1065.25
1064.48
1064.9
1064.96
1064.9
1063.71
1064.96
1062.91
1064.96
1064.67
1064.86
1064.96
1064.1
1064.96
1064.96
1075.87
1064.7
1064.86
1064.26
1063.49
1065.25
1017.98
1016.96
1016.48
1016.1
1017.09
1016.48
1016.1
1015.81
1017.41
1016.67
1015.84
1016
1015.74
1016.93
1016.8
1017.18
1015.9
1017.09
1016.29
1015.81
1015.97
1016.99
1019.36
1016.32
1016.93
1017.47
1017.02
1015.81
1015.87
1015.81
1017.82
1015.81
1015.84
1016.42
1015.81
1016.06
1015.81
1016.1
1015.84
1017.31
1016.32
1017.02
1016.03
1016
1015.87
1016.06
1017.12
1015.81
1017.57
1016.61
1015.84
1016.35
1016
1015.81
1015.81
1016.58
1015.9
1016
1015.9
1015.81
1015.52
1016.99
1016.42
1016.19
1015.9
1015.94
1015.81
1016.19
1016.93
1017.12
1015.81
1015.81
1016.29
1015.81
1015.97
1015.81
1016.29
1016.13
1017.22
1015.81
1016.03
1015.81
1015.87
1015.9
1015.84
1015.87
1015.81
1015.87
1016.96
1015.81
1016.96
1015.81
1016.83
1016.42
1016
1016.93
1015.68
1013.63
1011.71
1013.41
1012.74
1012.67
1013.82
1012.35
1014.82
1013.76
1015.78
1014.78
1014.88
1013.73
1013.76
1013.7
1013.5
1014.3
1014.11
1015.23
1013.6
1013.79
1012.64
1013.92
1015.78
1013.76
1015.52
1013.76
1014.43
1014.18
1013.98
1012.45
1013.79
1013.76
1013.6
1013.86
1013.76
1012.58
1013.73
1012.7
1013.76
1012.42
1014.08
1013.76
1013.92
1014.34
1013.92
1013.95
1013.76
1013.76
1014.21
1014.88
1014.14
1014.69
1015.81
1013.76
1014.02
1015.81
1013.76
1013.76
1013.66
1014.24
1014.21
1013.73
1013.76
1013.86
1013.86
1014.94
1014.88
1015.07
1014.91
1013.98
1013.63
1013.76
1013.5
1013.76
1013.76
1013.54
1012.42
1013.12
1013.47
1013.76
1013.76
1013.5
1013.76
1014.37
1013.89
1014.08
1013.76
1012.64
1013.76
1014.5
1014.3
964.704
843.168
841.952
842.336
842.176
843.36
843.552
842.112
843.776
843.328
843.552
842.592
841.728
843.232
842.016
842.144
842.88
841.728
841.76
842.88
858.304
842.432
843.104
842.784
842.432
841.728
843.104
842.432
842.752
842.24
843.584
842.304
842.848
844.448
841.952
843.136
842.816
843.008
841.728
842.944
841.728
843.232
841.888
841.728
843.008
843.264
842.752
843.328
843.136
843.232
843.104
842.112
841.728
842.208
842.688
842.208
842.176
843.008
841.728
845.472
841.92
842.272
841.728
842.816
843.072
842.816
841.728
841.92
841.728
842.336
842.432
842.848
841.728
843.264
841.76
843.744
843.488
843.136
842.464
841.952
842.144
841.952
842.176
842.912
843.168
842.752
842.464
842.432
842.432
841.792
843.264
842.56
842.784
841.728
841.952
843.136
841.824
841.728
841.728
841.728
841.728
843.424
843.232
841.824
842.016
842.464
841.728
843.744
842.208
842.432
842.848
841.888
842.88
842.784
841.728
843.616
842.368
842.336
842.208
841.792
844.8
842.112
842.272
842.464
842.176
842.208
842.272
842.464
842.144
843.424
842.016
843.52
842.208
842.752
842.912
841.728
841.76
842.24
842.944
842.048
843.648
843.264
843.264
842.08
842.336
841.824
841.856
842.976
841.888
841.728
841.728
841.728
842.816
841.792
842.112
842.304
843.168
842.688
843.68
843.072
842.784
842.72
842.528
842.208
841.728
842.336
841.952
842.176
841.728
843.168
842.144
842.4
842.016
843.072
841.728
842.432
843.648
842.816
842.816
843.136
841.792
841.856
841.728
843.36
841.728
841.728
841.728
843.424
842.208
842.528
843.776
842.112
841.728
842.304
843.168
841.952
843.136
843.776
842.752
842.176
843.232
842.4
842.944
843.04
843.392
843.264
841.952
841.728
842.048
843.232
841.824
842.464
842.272
843.712
842.4
842.016
842.56
843.392
842.944
843.072
842.816
843.008
841.728
843.296
841.792
841.824
841.728
843.008
843.2
843.776
842.816
843.264
843.776
842.784
842.4
843.712
842.368
843.008
842.4
841.728
841.888
843.04
841.792
841.728
841.856
842.496
842.24
843.968
842.4
842.688
842.304
843.264
841.728
842.464
843.168
842.272
843.232
843.072
842.976
843.072
841.792
842.4
843.392
841.952
841.728
841.76
841.792
842.048
842.176
842.496
843.072
842.72
842.72
842.272
842.336
842.08
843.264
843.488
841.728
841.856
842.432
842.176
842.368
842.976
842.816
843.072
841.76
841.888
843.584
843.424
842.272
842.112
842.784
841.728
842.88
843.648
841.728
841.728
841.952
843.104
841.728
843.328
841.728
842.016
842.336
842.048
843.392
842.528
843.36
843.392
842.592
843.584
843.296
841.728
843.104
843.04
841.728
841.728
843.488
842.56
842.08
843.136
842.048
842.016
842.24
843.008
841.76
842.24
843.36
843.232
843.04
841.728
841.888
843.2
842.08
841.76
841.728
843.104
843.2
841.728
841.76
842.176
843.424
841.952
842.688
843.328
843.488
843.104
842.048
843.712
843.04
842.272
842.272
842.144
842.368
842.592
842.848
842.112
842.24
842.208
842.176
842.432
842.336
842.496
842.912
842.368
841.728
842.784
842.72
843.712
842.432
843.776
841.76
843.232
842.08
842.208
842.176
842.976
843.552
841.888
841.824
842.08
842.272
845.824
842.144
842.176
843.072
841.824
841.792
843.552
842.4
842.08
841.856
843.264
991.232
843.776
843.776
843.232
841.728
841.92
843.072
843.456
842.912
842.912
841.728
842.848
843.776
842.048
841.728
841.856
842.912
842.944
841.728
841.92
842.752
841.728
842.336
841.728
841.92
842.112
842.08
841.76
841.728
843.456
842.336
843.776
843.52
842.08
842.112
842.208
842.24
843.264
841.728
842.048
841.888
843.168
842.272
847.808
842.24
842.272
843.008
842.464
842.144
842.368
842.048
843.104
841.728
842.208
841.728
841.888
842.368
842.528
842.336
842.88
843.232
842.976
843.712
841.792
866.016
842.016
843.2
843.072
843.008
842.208
842.08
842.272
843.2
842.976
841.728
842.944
842.304
843.008
843.136
843.456
841.728
843.424
843.008
841.728
842.88
841.984
842.592
842.144
844.288
843.552
842.336
843.52
842.88
842.752
842.08
842.144
842.912
841.728
847.872
842.4
841.728
841.92
842.24
842.272
842.4
841.856
843.488
842.016
842.784
860.416
842.4
843.104
842.144
842.912
841.728
842.912
843.008
843.104
842.944
841.952
843.072
841.728
842.304
843.776
843.168
843.616
842.848
841.728
842.144
841.984
842.144
841.728
843.104
841.792
843.296
843.616
843.008
841.76
841.824
842.464
842.56
843.36
841.888
841.728
843.776
841.728
841.728
841.952
841.76
842.24
841.856
843.008
841.76
842.944
841.76
842.432
843.072
841.728
843.328
842.24
843.232
841.728
843.776
843.232
842.24
842.048
842.208
843.584
842.368
841.728
841.76
847.648
843.744
843.52
843.296
841.952
842.24
842.816
841.792
842.304
841.728
842.496
842.496
842.112
842.144
842.944
842.848
843.008
842.08
842.304
843.072
842.656
842.368
842.208
842.176
842.048
842.24
842.528
842.688
842.432
842.4
844.16
842.304
842.08
842.048
842.336
842.432
842.88
841.984
842.208
842.208
842.784
841.728
842.88
842.816
841.728
842.016
842.176
841.728
842.304
842.976
841.728
841.984
843.456
843.072
842.016
842.528
842.528
842.304
842.816
843.008
841.76
841.728
842.848
842.272
842.72
843.776
843.744
841.888
841.952
841.728
841.856
841.856
842.816
841.728
843.744
842.336
842.528
843.392
843.008
843.2
843.264
842.144
843.232
842.912
843.072
841.728
842.4
843.2
843.136
842.048
842.016
841.728
842.944
841.728
841.984
843.168
843.392
842.368
841.728
841.76
842.304
841.92
842.176
841.728
841.888
842.176
843.68
843.36
843.136
842.912
842.816
841.728
843.232
842.24
842.24
843.008
843.392
843.68
841.952
842.912
843.776
843.52
843.104
842.56
841.984
842.144
843.776
843.424
842.336
842.72
842.304
843.488
842.72
841.728
841.92
843.232
842.432
842.208
842.112
843.04
843.712
841.728
842.08
845.824
843.776
842.784
842.304
841.984
842.848
843.712
843.232
842.496
842.464
843.584
843.552
842.304
843.392
842.112
843.776
841.92
843.36
842.304
842.176
842.496
842.752
843.648
842.816
842.816
842.112
842.208
842.56
841.728
