71.68
12.48
11.936
10.272
11.712
10.24
10.144
10.176
10.24
9.056
15.392
10.24
10.24
9.952
10.4
11.36
10.24
10.016
9.984
10.08
10.24
9.024
9.984
9.088
10.56
10.24
10.336
9.984
10.24
10.24
9.024
9.952
10.24
9.216
10.24
10.016
8.512
9.632
10.24
9.6
10.208
10.24
10.048
10.24
8.992
9.728
10.24
9.952
10.24
10.24
10.24
10.016
9.888
10.24
10.24
9.92
9.024
10.176
10.24
10.24
9.984
10.24
9.088
9.024
10.048
8.992
10.24
10.24
10.24
10.24
9.984
9.568
10.08
10.24
10.24
10.016
9.152
9.568
10.144
9.952
10.24
9.664
9.952
10.016
10.24
10.24
10.24
10.24
9.888
10.24
9.856
9.76
8.864
10.24
10.24
8.544
10.112
9.92
10.112
10.24
10.176
9.12
10.08
10.048
10.24
10.24
10.24
9.92
9.888
9.6
9.92
9.984
9.888
9.792
10.208
9.76
8.768
9.952
10.24
10.08
9.216
10.048
9.888
9.024
9.792
10.24
10.24
9.184
10.24
9.088
8.864
10.24
9.792
9.824
11.296
10.24
9.504
9.216
10.24
10.24
10.24
9.056
8.96
10.144
9.984
9.728
8.992
10.24
10.24
8.8
9.952
9.76
10.176
9.76
9.152
10.24
9.984
9.728
9.216
10.24
9.888
8.416
8.96
10.24
8.992
9.12
10.24
10.24
8.96
8.704
10.24
9.952
10.24
10.112
10.24
10.24
10.464
10.24
10.24
9.536
9.728
9.76
10.368
10.24
10.208
10.24
10.24
8.416
9.184
10.016
9.088
9.76
10.048
9.792
10.24
10.24
10.24
9.696
10.24
10.112
10.24
10.176
9.088
9.152
9.152
9.824
10.24
10.24
10.24
9.12
8.96
10.24
9.984
10.24
10.24
10.176
9.152
10.24
9.152
10.24
10.24
10.176
10.24
10.24
10.112
10.176
10.112
9.792
9.952
10.24
10.24
10.24
9.824
10.24
10.176
10.24
10.24
9.728
9.76
10.048
10.24
10.24
10.24
10.176
9.856
10.048
10.144
9.824
9.856
10.24
10.24
10.08
10.048
10.24
10.016
10.24
9.6
10.016
10.528
9.984
10.112
9.728
10.08
9.824
9.696
9.216
9.952
10.24
8.832
9.856
10.24
9.952
9.952
10.24
10.144
9.824
9.76
9.984
10.272
10.24
9.76
8.928
10.048
9.056
9.984
10.24
10.176
10.176
10.24
10.24
10.144
10.24
9.12
9.76
10.24
10.304
9.632
10.24
9.888
10.24
10.112
10.24
10.336
10.208
9.952
9.984
8.864
9.856
10.208
11.392
11.36
9.952
9.728
8.896
10.144
10.24
10.208
10.24
9.024
9.824
10.176
8.992
9.792
10.24
10.08
8.864
9.024
8.896
10.144
10.24
10.24
10.24
10.24
10.24
10.24
9.184
9.792
10.176
10.24
10.24
10.112
10.24
10.016
10.048
9.92
10.208
10.24
10.24
9.728
8.416
10.144
10.016
10.24
8.928
10.208
10.24
9.152
10.24
9.952
9.888
10.24
10.272
9.92
10.24
10.208
10.24
10.24
10.24
8.928
9.856
10.24
10.24
10.176
10.24
10.24
9.984
10.24
10.24
9.056
9.568
9.888
9.856
10.24
10.24
9.824
10.24
10.24
10.144
10.24
9.92
10.368
10.24
9.824
10.24
10.176
10.24
10.24
10.24
9.76
9.92
10.048
10.24
9.856
9.184
10.24
10.24
10.24
10.24
8.832
10.24
10.24
9.888
10.144
9.984
10.24
10.176
10.144
42.752
8.896
9.888
10.144
9.664
10.24
9.92
10.368
10.112
10.24
10.24
10.176
10.24
10.048
8.608
9.824
10.112
11.264
10.24
9.696
10.24
10.4
10.176
10.24
8.768
9.76
10.016
10.24
10.24
10.24
10.016
10.304
10.176
10.24
10.048
10.144
10.208
10.112
9.92
9.92
10.176
9.952
8.864
9.824
10.208
10.24
9.728
9.664
10.4
9.888
10.016
9.92
10.24
10.208
10.048
10.208
10.24
10.24
10.24
10.24
10.176
10.08
9.856
9.888
10.24
10.272
9.792
9.792
9.824
10.24
10.208
10.304
10.24
9.824
9.824
10.176
10.24
10.24
10.24
10.24
10.112
10.016
8.704
8.864
9.088
10.24
9.216
9.888
10.24
10.24
10.176
10.016
9.6
8.96
10.08
10.24
10.24
10.24
9.824
9.856
10.048
10.24
10.24
10.24
9.824
10.112
10.24
8.992
9.76
9.92
10.24
10.112
10.24
10.144
10.4
10.24
10.112
10.368
10.528
10.24
10.272
10.24
10.272
8.992
10.24
10.08
10.4
10.08
10.176
10.016
10.24
11.296
10.112
10.368
10.176
10.24
10.016
10.08
10.304
10.24
9.12
10.24
10.112
10.24
9.184
10.24
10.272
10.24
10.144
9.92
10.208
9.184
10.112
9.728
10.208
9.728
9.152
10.24
10.016
10.24
12.768
9.824
9.76
10.24
9.856
10.24
10.24
8.992
10.24
10.24
10.24
10.176
9.952
9.184
10.24
10.176
10.24
10.24
10.24
8.896
10.24
10.016
12.224
10.24
9.184
10.24
10.336
10.24
10.24
10.24
10.176
10.24
10.048
9.92
9.952
9.152
10.24
10.24
9.792
9.888
10.272
10.208
10.208
10.016
10.56
10.24
10.24
10.24
10.368
10.08
10.24
9.792
10.24
9.152
10.24
9.056
10.24
10.24
10.24
10.144
10.048
9.92
9.792
10.08
11.424
9.984
12.576
10.24
10.24
10.24
10.368
10.24
10.24
10.176
9.888
10.24
10.24
9.92
9.728
10.176
10.24
9.12
10.24
10.24
9.76
10.08
10.24
9.12
11.776
10.24
10.24
10.272
9.92
8.992
10.24
10.176
10.048
10.24
8.832
10.24
9.792
9.824
9.728
9.984
10.176
9.888
10.24
10.208
10.24
10.24
9.824
10.08
9.888
10.208
10.24
9.856
10.016
10.208
9.952
10.24
10.24
10.24
9.024
10.24
9.792
10.24
9.088
9.408
10.24
9.12
10.24
10.176
10.112
10.24
10.24
8.992
10.24
10.112
9.792
9.92
8.8
10.24
10.24
8.896
10.24
8.832
9.184
9.184
9.216
10.24
10.016
10.208
10.016
10.048
10.24
10.24
10.24
10.24
9.216
9.952
10.048
9.12
10.24
10.24
10.24
10.24
10.144
8.992
10.24
10.24
10.24
10.08
9.952
10.336
9.184
9.888
9.824
26.624
10.144
10.112
10.144
10.336
10.24
10.24
10.496
10.176
10.24
10.24
9.888
10.208
9.984
10.176
10.464
10.336
10.24
10.432
10.304
10.336
10.304
10.24
10.24
10.496
10.176
10.24
10.24
10.24
10.24
10.144
10.464
10.24
10.24
10.24
10.24
10.784
10.272
10.24
10.208
10.112
12.288
20.608
10.08
10.24
10.24
8.832
9.984
9.856
10.176
10.24
10.08
10.24
10.24
10.208
10.144
10.24
10.24
9.056
10.24
10.24
10.24
10.496
10.24
10.24
10.24
10.24
10.24
10.24
10.24
10.24
10.24
10.304
10.272
10.592
10.176
10.592
10.272
10.272
10.272
11.264
10.24
11.616
10.24
10.24
10.24
10.24
10.24
10.24
10.432
10.144
10.368
10.432
10.24
10.24
10.144
11.36
10.336
10.24
10.24
10.24
6.144
10.272
10.24
10.24
10.176
10.24
10.016
9.152
10.24
9.888
10.24
9.92
9.984
9.856
9.952
10.304
10.08
9.984
9.888
9.952
10.24
10.24
12.288
9.888
10.208
9.216
10.144
9.056
10.24
9.888
10.24
10.304
10.272
10.24
10.272
10.24
9.696
9.984
10.24
9.952
9.824
10.24
10.048
8.96
12.768
9.92
9.536
10.24
10.176
10.24
8.896
10.048
10.112
10.112
10.24
10.144
10.24
10.336
9.856
8.832
9.888
10.24
10.144
10.112
9.888
10.24
12.288
10.144
9.984
9.888
9.216
9.824
10.24
9.856
9.92
10.112
10.24
10.24
9.824
9.888
10.304
10.24
10.016
9.76
9.984
10.24
10.048
9.888
10.24
9.696
10.24
10.24
10.112
9.76
10.112
10.24
9.728
9.76
9.184
10.24
10.24
10.24
10.144
10.24
10.24
10.08
10.176
9.984
10.208
10.24
10.24
10.24
9.824
9.024
9.952
10.464
10.144
9.888
10.24
11.424
9.056
8.768
10.24
10.24
10.24
9.056
9.088
10.24
10.24
10.24
10.24
10.112
10.24
10.112
10.176
10.048
9.952
10.112
10.24
11.584
9.184
10.24
10.24
10.24
10.24
