738.336
41.472
29.024
28.512
25.984
25.12
25.312
28.064
25.568
25.664
25.504
25.376
24.864
25.024
24.576
25.888
26.048
26.624
36.864
25.056
26.016
26.24
24.8
20.928
26.24
26.048
26.24
25.216
25.472
24.768
24.992
26.624
25.152
26.112
26.368
25.12
26.336
24.992
25.984
26.624
25.12
25.408
25.568
24.576
26.208
26.528
25.344
25.408
24.864
25.216
25.12
24.8
24.8
35.04
26.336
25.024
24.576
24.608
24.576
25.664
26.048
26.624
24.64
24.992
25.344
35.04
26.624
24.96
24.576
24.768
24.608
25.824
26.624
25.024
25.12
25.76
25.984
26.208
24.864
26.336
25.92
24.8
26.56
26.368
26.08
26.176
26.624
26.624
38.752
26.624
25.696
26.464
26.624
24.576
25.056
24.672
26.336
25.984
24.768
25.856
26.624
24.832
24.576
26.624
26.112
34.816
25.184
24.576
25.12
24.64
26.4
34.368
26.336
25.76
26.144
25.824
25.856
25.28
25.792
26.24
26.272
26.176
26.4
25.216
25.984
25.408
24.8
24.928
24.896
24.576
24.576
25.728
26.336
27.68
25.504
27.264
24.768
24.576
25.12
25.056
26.624
24.8
24.576
24.864
24.864
24.8
34.272
26.56
24.576
25.088
25.792
26.688
25.152
25.952
26.4
24.576
24.576
26.24
26.304
25.92
25.248
24.832
24.576
26.016
26.176
24.928
24.608
24.672
24.736
32.416
17.568
16.864
17.088
16.512
17.824
16.384
16.384
16.448
16.864
16.704
16.384
16.384
16.832
16.512
16.64
16.608
16.704
16.384
17.856
16.928
17.888
16.416
16.384
17.504
18.08
16.384
16.384
16.32
16.736
17.664
16.384
16.384
16.416
16.384
16.416
16.384
16.608
16.832
16.608
17.92
16.384
16.384
16.608
16.64
18.08
16.512
16.672
16.832
16.384
16.384
16.608
16.864
16.832
16.384
16.384
16.384
16.448
16.576
17.696
17.088
16.384
16.384
17.568
16.384
16.672
16.768
17.728
16.384
16.384
22.528
18.272
16.992
17.312
16.736
17.504
17.536
16.384
16.512
16.544
16.704
16.704
17.92
17.984
16.608
17.408
16.608
16.704
16.8
16.704
16.608
17.728
16.896
16.448
16.704
16.384
16.384
16.416
16.896
16.672
17.472
16.384
16.512
16.416
16.384
16.8
16.384
16.512
16.8
17.504
16.384
16.64
16.544
17.792
16.384
16.384
16.512
19.36
17.024
16.416
16.736
17.792
24.544
17.184
16.672
16.864
16.8
16.992
16.384
17.12
16.384
17.504
7.424
17.024
16.768
16.736
16.544
16.576
16.512
16.672
17.536
17.696
17.76
16.384
16.544
16.736
16.64
16.8
16.384
16.416
16.672
17.184
16.384
16.576
16.928
17.984
16.384
16.928
17.472
16.8
16.384
16.544
17.056
16.384
16.576
16.96
16.608
16.384
17.472
16.384
18.048
28.672
13.312
12.288
13.536
13.12
13.184
13.952
12.8
12.768
12.896
12.736
13.312
12.288
12.352
13.952
12.928
12.64
13.184
14.336
12.32
12.672
13.344
12.352
12.32
14.208
12.8
13.12
12.8
12.512
13.568
12.288
13.632
12.288
13.376
13.536
13.6
12.288
14.272
13.824
13.056
13.92
13.024
12.704
12.544
12.8
12.576
12.512
12.288
13.408
14.176
12.96
12.768
12.672
12.8
12.704
12.288
12.352
12.64
12.544
13.312
12.288
12.288
13.536
12.928
13.824
12.864
12.832
12.512
12.288
13.408
13.536
13.824
13.952
14.336
12.8
12.48
20.224
12.832
12.896
12.288
13.632
13.536
13.568
13.536
13.6
13.888
13.632
12.768
13.312
12.8
12.736
12.288
12.288
12.288
12.448
13.504
12.288
12.608
12.704
12.544
12.736
14.08
12.8
13.856
13.952
13.888
12.8
12.992
12.832
12.96
12.704
12.864
13.824
13.888
12.832
13.856
13.6
13.44
13.504
12.544
12.864
12.672
12.8
13.44
13.76
13.312
12.544
12.736
12.544
12.64
12.448
13.568
13.44
14.304
13.12
12.8
12.352
12.384
12.288
13.312
13.728
12.288
13.376
13.408
12.288
12.544
12.288
12.48
12.896
13.76
13.504
13.728
13.664
14.336
13.024
12.768
12.64
12.832
14.112
12.448
13.44
13.792
13.664
12.864
12.896
14.336
12.864
12.768
12.672
12.48
12.32
12.288
13.856
13.824
13.472
13.568
13.664
13.76
13.6
13.44
13.888
13.568
13.504
13.408
13.728
12.8
12.384
12.288
12.288
13.92
13.856
12.64
12.704
13.664
13.76
13.024
13.568
18.432
13.728
13.728
13.728
13.44
13.632
13.824
13.952
12.288
13.952
13.92
13.696
13.536
12.64
12.928
12.832
13.088
12.288
12.384
12.448
12.448
12.512
13.344
12.288
18.432
13.984
14.272
12.736
12.832
12.864
14.048
12.672
12.448
12.352
13.376
13.888
12.8
12.672
11.936
10.592
12.288
11.104
11.456
11.232
10.88
11.296
10.944
11.712
11.2
10.752
10.496
11.936
10.816
11.744
10.688
10.496
11.616
12.128
10.944
10.368
11.712
12.16
12.032
10.656
11.712
12.096
10.368
11.424
12.064
10.944
11.264
10.496
12.096
11.136
11.616
12.16
11.2
10.944
10.304
12.224
11.232
10.4
11.392
11.776
10.816
12.032
11.808
11.136
11.648
11.136
11.744
11.744
12.032
10.784
12.288
10.56
12.288
11.648
10.944
12.224
11.648
11.008
12.288
11.872
12.288
12.064
10.784
12.288
12.288
11.168
12.288
11.072
12.288
11.68
12
10.464
12.32
11.648
12.128
11.072
12.288
11.872
11.552
11.872
10.816
10.784
12.288
10.848
11.808
11.904
11.616
11.072
12.064
11.68
10.944
12.288
11.776
10.976
11.2
12.288
12.16
11.584
11.072
11.072
12.288
11.68
11.648
11.552
11.136
10.72
12.288
12.256
11.712
12.192
11.712
10.976
12.288
12.128
10.688
12.288
12.32
12.224
11.744
10.72
11.232
11.84
10.784
10.848
11.104
11.936
11.744
11.232
11.712
12.032
12.192
11.264
12.288
11.648
11.776
12.288
12.288
12.288
11.648
10.688
12.16
12.096
11.776
10.912
11.776
11.072
12.288
11.648
11.168
10.688
11.936
11.68
12.288
11.776
11.936
11.168
12.224
12.128
11.584
12.128
11.904
11.584
11.232
11.648
10.816
11.104
12.288
12.288
11.84
11.776
11.008
10.816
12.288
11.744
10.976
10.976
11.904
11.936
10.944
11.104
12.288
11.072
10.944
12.288
11.84
11.776
10.688
12.128
12.128
10.528
12.288
12.16
10.592
12
11.616
11.232
12.032
11.552
11.584
12.288
12.288
11.584
11.072
11.584
12.288
12.288
11.68
12.288
12.288
11.712
11.136
11.872
12.288
10.56
12.288
11.808
11.136
11.808
10.944
10.976
12.288
12.288
42.208
10.752
12.256
11.648
12.288
12.192
11.776
11.232
12.288
12.288
11.616
11.04
11.904
10.912
12.256
10.272
12.288
12.288
11.68
12.288
12.096
10.944
12.288
12
10.88
12.288
11.808
10.976
11.136
12.224
11.616
11.776
11.04
12.288
11.872
12.288
12.16
10.976
11.808
12.288
11.424
12.288
10.72
10.88
11.2
12.288
12.128
12.288
11.744
12.288
12.032
11.744
10.944
11.232
11.936
12.288
11.616
10.816
11.68
10.976
12.288
11.072
10.912
12.256
12.16
11.68
11.872
11.2
12.288
11.872
12.096
12.288
12.096
10.752
11.776
11.616
11.872
12.064
11.552
12.288
11.712
10.848
11.712
11.68
12.288
12.16
10.976
11.744
12.064
11.168
10.624
12.288
10.72
12.064
11.936
10.976
11.968
12.288
10.56
12.288
11.936
12.064
12.192
12.288
11.936
11.872
11.968
12.192
11.392
12.288
11.68
12
11.936
12.288
10.656
11.776
12.288
12.032
12.064
11.136
12.064
12.288
11.872
11.68
12.256
12.096
12.032
11.776
12.192
10.752
11.488
12.032
11.968
12
11.872
11.68
12.096
11.136
10.496
10.24
12.032
10.752
10.912
11.104
10.784
10.752
10.336
11.296
11.328
10.336
11.328
11.712
11.52
11.456
10.272
11.552
11.904
11.744
11.616
11.84
10.944
10.976
12.256
12.288
11.232
11.744
12.192
11.84
11.936
11.232
10.784
11.104
10.944
12.128
10.752
10.304
10.24
11.36
11.904
12.16
12.032
11.712
11.936
12.16
11.264
11.808
11.712
11.488
12
12
12.192
11.936
11.04
10.88
10.528
11.968
11.264
