349.92
263.232
260.704
259.904
260.416
260.096
260
260.992
259.552
260.064
260.224
260.096
261.472
264.768
260.96
260.448
260.096
261.12
260.096
259.936
261.952
261.632
259.008
260
260.16
260.224
259.488
261.824
260.096
259.936
260.416
259.808
259.744
259.072
259.616
260.064
261.984
260.576
260.192
259.84
260.032
258.784
261.696
260.096
261.216
261.28
260.096
260.064
260.096
258.496
260.096
259.808
260.096
260.096
259.776
259.904
259.008
260.608
260.096
259.936
260.096
260.096
260.64
260.384
259.968
261.28
260.192
260.096
261.216
259.616
260.192
260.608
259.072
260.736
259.008
260
262.112
259.84
258.048
259.424
259.552
258.144
260.128
262.144
262.144
260.096
261.184
259.808
260.832
259.04
260.16
258.688
261.12
261.632
259.968
258.048
258.528
260.288
258.048
260.352
260.096
259.776
260.288
261.44
258.624
260.032
261.504
260.096
260.096
261.952
258.112
258.048
260.096
261.568
258.816
259.936
260.16
260.672
259.968
260.416
261.12
260.736
260.096
262.144
261.184
260.352
260.256
258.944
261.696
261.696
260.096
261.44
261.952
260.16
260.096
260.096
260.096
260.448
260.096
262.016
262.144
260.096
260.192
261.504
261.088
260.096
261.056
260.096
260.832
261.088
260.096
262.144
261.312
259.936
261.344
260.544
260.544
260.8
261.184
260.352
260.192
259.936
260.096
260.544
260.096
260.064
260.608
260.352
260.352
260.32
260.192
260.8
261.76
259.936
259.264
258.976
260
260.288
260.096
260.288
258.688
262.144
261.856
261.664
260.576
260.096
261.728
260.288
260.768
260.192
261.152
261.44
260.096
261.856
258.72
261.472
260.96
260.096
261.76
259.552
268.352
261.792
260.128
260.448
260.096
261.216
260.96
260.032
259.968
260.896
260.16
259.776
260.128
260
260.096
260.064
260.096
260.448
260.096
260.992
260.928
260.8
260.384
260.096
259.52
260.64
258.944
260.352
260.064
258.752
260.256
260.096
258.624
262.08
260.096
262.048
261.216
260.416
260.096
262.144
260.704
260.096
261.408
260.32
260.256
260.416
260.16
262.144
261.088
259.968
261.728
260.832
261.856
260.544
260.544
260.192
260.16
262.048
259.264
260.896
261.696
260.32
260.768
261.952
261.984
260.288
262.144
261.184
261.28
260.096
260.576
261.664
262.112
258.816
258.88
260.096
259.072
260.256
260.992
260.16
258.752
260.032
266.592
260.064
260.096
260.096
259.648
260.768
260.48
260.096
262.24
260.096
262.144
260.096
262.368
260.448
262.144
261.504
260.352
261.664
262.144
262.016
261.344
261.824
260.512
259.52
260.576
259.776
259.168
259.04
258.112
260.096
257.728
258.592
259.456
259.456
258.272
258.048
258.4
258.144
256.8
259.424
258.048
258.72
258.144
258.048
257.504
257.536
258.048
259.552
259.712
258.272
258.56
259.168
259.84
257.536
258.272
259.2
258.752
260.096
257.76
258.912
259.456
258.176
259.584
258.048
258.944
258.624
258.496
258.048
258.784
257.888
260.032
258.72
258.048
260.288
258.112
259.52
258.048
258.752
256.64
256
258.016
258.432
259.808
259.296
258.048
258.176
256.704
258.688
258.848
258.048
259.008
258.144
259.392
257.664
258.752
258.464
258.016
258.048
258.048
259.424
257.824
258.048
256.864
260.096
257.536
261.568
256.48
259.616
258.016
259.904
257.92
256.704
266.016
256.544
258.368
258.144
258.048
256.16
257.184
257.568
258.624
259.392
258.176
259.744
257.984
258.048
257.92
259.072
258.048
258.368
259.808
257.792
256.128
258.048
258.272
258.048
259.776
258.048
259.104
257.92
257.984
257.728
258.176
256.48
256.544
257.792
259.072
256.512
258.048
256.256
258.944
258.048
257.92
259.456
258.624
259.904
257.504
268.8
258.048
258.56
257.792
258.048
257.472
258.912
258.048
259.776
259.232
256.704
256.736
256.16
255.872
257.472
258.048
257.024
258.176
258.048
256.992
257.856
256.224
258.048
258.016
257.632
256.448
259.296
258.048
258.624
257.824
256.096
256.352
257.056
258.496
258.496
258.048
256.832
258.048
258.048
258.144
258.528
256.832
261.376
257.088
257.984
259.072
258.336
258.048
259.584
258.048
259.968
258.304
258.08
257.92
257.472
257.664
258.592
255.872
258.656
258.048
257.824
258.528
258.048
258.688
257.728
256.896
258.976
257.728
257.824
257.44
256.448
258.048
256.64
257.728
258.048
259.776
259.552
256.288
259.744
258.048
258.016
255.616
259.072
258.048
258.048
256.736
257.504
256.896
257.248
258.784
256.288
256.832
257.952
258.048
257.28
258.048
257.728
257.92
258.048
258.048
258.048
257.504
257.472
258.048
257.632
258.304
256.96
257.664
257.504
256.608
260.224
258.784
258.048
259.328
259.136
258.432
256.672
262.624
258.048
257.44
258.048
258.048
257.76
258.528
257.024
258.016
256.224
258.368
257.6
257.92
257.92
258.976
258.048
259.808
258.048
258.048
256.48
258.048
258.048
258.24
257.056
257.792
258.656
258.048
258.048
257.888
260.096
258.048
257.632
259.584
258.048
256
256.256
258.048
256.608
258.048
258.048
256.512
257.664
256.672
260.096
256.672
258.144
258.048
258.4
257.024
259.104
258.848
258.048
256.672
256
255.968
257.632
258.048
258.08
256.928
258.048
258.016
256.928
258.048
257.12
259.776
256.96
256.256
257.76
258.048
259.168
258.048
258.048
256.864
257.952
256.96
258.08
259.072
259.808
256.448
258.496
258.048
258.496
257.952
256.32
257.984
257.6
258.048
256.192
258.912
258.048
258.048
258.048
257.728
256
257.952
255.968
257.984
258.272
258.432
257.856
256.672
256.992
256.8
257.888
256.544
258.304
260.064
258.048
256.672
257.632
258.24
257.728
257.728
257.6
258.56
256
256.64
257.504
258.112
258.048
256
257.984
259.488
259.584
258.048
258.048
258.08
258.048
257.76
257.92
258.624
256.928
259.52
259.776
258.048
258.688
258.24
257.44
256.704
256.608
258.048
257.408
259.52
258.176
257.888
258.048
258.048
258.048
257.92
258.592
257.472
258.048
257.664
256.864
258.048
259.296
258.048
257.984
257.952
258.144
257.728
258.048
256.416
258.048
257.632
257.408
260.096
258.464
258.048
256.704
269.568
256.288
259.104
257.504
258.208
257.984
258.144
258.048
259.424
258.016
257.632
259.904
258.048
259.648
257.984
258.72
258.048
256.576
258.048
258.048
258.048
258.016
257.984
256.288
257.76
258.048
259.744
258.048
257.952
258.304
258.24
258.432
256
258.112
258.048
258.208
259.936
256.576
258.048
256
257.472
258.688
258.048
259.392
257.696
257.888
259.776
257.024
258.176
258.592
257.632
256.96
258.048
258.528
257.248
258.016
256.928
258.048
257.728
253.632
253.152
252.48
253.76
253.696
253.792
253.984
253.44
253.952
252.48
253.632
253.216
252.16
251.904
252.288
252.256
253.12
253.952
252.576
251.904
251.904
251.904
253.6
253.696
253.888
253.6
252.352
253.6
252.512
251.904
252.576
253.952
253.088
253.952
251.904
253.312
253.44
252.512
257.312
252.384
252.64
252.128
252.512
251.904
252
252.16
251.904
252.672
252.896
253.504
253.728
253.728
253.952
253.856
252.736
252.16
252.128
253.952
252
253.344
253.568
252.992
260.032
254.016
251.904
254.56
253.216
252.768
251.648
253.952
252.928
252.992
252.832
253.344
253.952
251.904
253.664
253.952
253.952
253.472
252.864
256.864
252
253.568
253.184
253.792
252.096
252
253.696
253.248
252.576
253.952
253.152
252.512
251.936
252.736
253.888
252.896
253.888
252.512
253.44
253.952
252.32
251.904
252.8
252.064
253.92
252.192
252.448
253.344
253.696
253.6
256.192
253.568
253.952
252.736
253.568
253.6
252.128
258.336
254.304
254.08
253.952
252.48
251.904
252.512
251.904
253.312
251.008
253.536
252.256
253.632
252.416
253.056
253.92
252.672
253.92
252.352
256.064
253.12
252.768
252.544
251.904
254.016
253.92
253.92
253.504
253.952
253.952
253.792
252.928
251.904
251.904
253.952
252.48
253.408
253.248
257.184
253.792
252.992
252.896
253.952
253.12
252.544
253.28
252.768
253.952
253.696
250.624
255.168
251.904
253.504
254.592
253.92
252.32
252.288
253.856
252.544
250.304
253.472
253.952
252.864
252.736
252.576
252.288
252.512
253.952
253.952
253.344
252.096
252.96
252.64
253.952
253.856
253.088
254.176
253.952
251.904
253.44
252.064
253.952
251.808
253.632
253.568
253.952
255.168
252.224
253.216
253.952
253.888
252.256
251.936
252.448
252.928
253.952
