77.632
16.384
14.336
13.888
13.312
13.696
12.768
13.536
12.448
12.512
12.48
12.288
12.224
12.8
12.288
12.288
12.928
12.032
12.256
12.544
12.288
12.288
12.544
12.352
12.32
12.288
12.384
12.288
13.984
13.44
13.696
13.632
12.288
13.44
12.448
12.512
12.704
12.16
12.352
12.384
12.352
12
12.288
11.136
12.288
12.32
18.048
12.256
12.448
12.288
12.352
12.288
11.264
12.352
12.16
12.512
12.288
12.288
12.288
12.48
12.32
12.192
12.512
12.288
12.288
12.704
12.288
12.288
12.512
12.288
11.296
16.384
12.416
13.344
12.288
12.288
12.288
12.288
12.288
12.288
12.288
12.64
12.032
12.288
13.376
12.288
12.448
12.512
11.136
12.32
12.928
12.096
13.664
13.216
12.288
12.288
12.48
12.64
12.736
12.672
12.928
12.704
12.768
12.288
12.288
12.448
12.576
13.664
12.416
12.352
13.312
12.672
12.832
12.544
12.896
12.288
12.288
12.288
12.288
12.288
12.288
12.704
12.256
11.264
12.352
12.288
12.544
12.32
12.608
12.288
13.312
12.32
12.416
12.288
12.32
12.384
13.408
12.544
12.16
12.288
12.064
12.352
12.64
12.384
13.6
12.384
12.288
12.384
12.288
13.504
12.352
12.544
12.32
12.288
12.288
12.32
12.416
12.288
12.416
12.16
12.416
12.448
12.416
12.704
13.408
12.32
12.288
21.952
12.288
12.288
12.992
12.768
12.672
12.288
12.288
12.288
13.568
12.448
13.344
12.992
13.6
12.288
12.864
13.856
13.056
14.048
14.016
14.048
13.408
12.32
14.304
12.288
13.248
12.48
13.76
12.448
12.576
13.152
12.288
12.64
13.344
13.632
13.408
12.512
12.288
14.688
12.512
12.448
12.288
12.48
10.24
14.144
12.704
12.672
12.32
12.448
12.384
15.104
12.864
12.608
12.64
12.288
12.64
12.288
12.448
12.32
12.288
12.384
12.288
12.384
12.704
12.288
12.288
12.288
12.288
12.288
12.384
12.512
12.288
12.608
12.576
12.288
12.416
12.288
12.832
12.288
13.536
12.288
12.288
12.48
12.832
12.288
12.288
12.384
12.736
12.32
12.864
13.536
12.288
12.32
13.184
12.288
12.64
12.288
12.448
12.288
13.728
12.64
12.608
12.288
12.384
12.48
12.416
12.736
12.288
12.576
12.352
13.472
12.992
13.664
14.336
12.576
12.384
13.92
13.856
12.384
13.92
12.992
13.664
12.832
13.056
13.408
13.92
13.664
13.568
13.44
12.48
12.96
12.288
13.376
14.24
13.536
12.288
12.64
12.416
12.448
12.608
13.12
12.64
13.024
12.288
12.512
12.288
19.456
12.832
12.288
12.288
13.44
12.224
12.288
13.152
12.384
12.736
13.408
12.288
12.288
12.608
12.288
12.288
12.288
13.344
12.352
13.664
12.288
12.288
12.288
12.576
12.352
12.64
12.288
12.736
13.408
13.408
12.288
13.472
13.536
12.928
12.608
12.96
12.32
12.544
11.936
12.384
12.288
13.312
13.376
12.992
12.352
12.768
12.576
12.768
12.704
13.536
12.288
12.672
12.448
12.768
12.288
12.384
13.536
13.888
12.288
12.8
13.536
12.288
12.288
12.288
13.344
12.288
12.384
12.96
13.312
12.704
12.32
13.344
12.544
14.016
12.896
12.64
12.288
12.288
12.288
13.12
13.888
14.336
12.32
13.696
13.024
13.216
13.472
12.864
12.736
14.016
12.96
12.704
12.288
12.288
13.376
13.6
13.664
13.376
12.288
12.32
13.536
13.6
12.736
12.864
12.48
12.8
12.48
12.64
12.544
14.304
12.48
12.288
12.288
12.288
12.288
13.664
12.608
12.128
12.544
12.864
12.48
12.544
12.288
13.664
12.672
12.288
13.824
13.056
12.288
13.44
12.704
12.864
14.144
12.32
12.448
13.6
12.544
12.64
12.64
13.696
12.288
12.288
13.408
12.608
13.632
12.608
12.608
12.384
13.728
13.728
12.512
12.288
12.448
12.608
13.44
12.416
12.448
12.672
12.352
12.48
12.576
13.664
12.8
13.76
12.288
13.376
13.696
12.288
13.536
13.664
12.288
12.288
13.376
12.288
12.48
13.76
12.288
12.288
12.32
12.16
12.896
16.032
12.256
12.704
12.224
12.544
12.224
12.288
12.32
12.544
12.384
12.288
12.256
12.288
13.952
12.288
13.696
13.568
12.48
14.272
12.96
12.352
12.32
12.288
12.64
12.352
13.696
13.024
12.768
12.768
12.288
12.32
12.48
13.6
12.288
13.344
10.496
12.608
12.352
12.672
12.672
12.448
12.48
13.44
13.6
12.384
12.448
12.288
13.44
13.312
12.864
12.288
12.544
12.544
12.544
12.832
12.896
12.8
12.8
12.416
12.544
12.736
13.568
12.288
13.6
12.448
12.896
12.8
12.48
12.608
12.832
12.224
12.64
13.408
12.512
13.376
12.384
12.288
12.288
12.288
12.64
12.544
12.416
12.832
12.352
13.248
13.824
12.288
13.312
13.312
12.544
12.448
12.384
13.472
13.824
13.344
12.576
13.44
18.176
12.32
12.288
12.288
12.416
12.288
12.288
13.12
12.576
12.288
12.288
12.288
12.288
12.64
12.288
12.512
12.8
12.576
12.288
12.8
12.512
12.512
12.288
12.288
12.576
13.472
13.6
12.576
12.32
12.288
12.352
12.736
13.056
12.512
12.288
12.416
12.288
12.288
12.288
12.32
12.288
12.48
12.288
12.832
12.448
12.288
12.48
12.384
12.288
12.864
12.416
13.92
12.64
13.76
12.288
12.64
12.288
14.016
12.544
12.288
12.992
12.416
12.288
12.288
12.288
12.384
12.416
13.856
13.92
13.504
12.64
12.896
12.416
13.76
12.96
12.512
13.76
12.416
12.288
12.832
12.032
12.352
12.288
12.448
12.288
12.48
12.608
12.288
12.448
12.32
12.288
13.28
12.288
12.48
12.544
12.288
13.536
17.376
12.512
12.48
12.32
13.312
12.352
13.088
13.568
12.288
12.64
12.448
12.512
12.288
14.016
13.056
12.704
12.928
12.864
13.312
12.704
12.96
12.608
12.544
12.384
12.928
12.896
12.8
12.288
12.288
12.576
12.288
13.728
12.608
12.288
13.472
13.504
13.792
12.576
13.632
12.288
13.408
12.768
12.96
12.672
13.824
12.8
12.928
12.736
13.728
12.832
12.352
12.544
13.728
12.576
12.384
12.288
12.416
12.288
13.536
11.968
12.352
13.344
12.32
12.384
12.224
13.312
12.448
12.448
12.192
12.512
12.288
12.576
12.384
12.224
12.768
12.384
12.576
12.448
12.192
12.288
12.448
12.288
12.416
12.224
13.184
12.256
12.896
12.288
12.416
12.288
12.16
12.224
13.504
12.416
12.288
13.344
12.32
12.288
12.8
12.544
13.472
13.728
12.288
12.96
12.288
13.344
13.568
12.128
12.608
12.544
12.288
12.288
12.384
12.608
12.16
12.992
12.288
13.312
12.352
12.288
12.32
12.288
12.288
13.952
12.288
12.288
12.288
13.696
12.512
12.288
13.632
12.288
12.384
12.224
12.384
12.32
12.416
12.288
12.288
12.288
12.288
13.6
13.312
12.384
12.288
12.288
12.288
12.288
12.64
12.416
12.224
13.248
12.416
12.288
14.336
12.672
12.992
12.704
12.48
13.696
12.288
13.44
13.792
12.288
12.256
12.288
13.664
12.288
12.288
12.288
13.632
12.288
12.288
12.288
12.672
12.288
12.288
12.416
12.352
12.192
12.288
12.288
11.808
12.032
12.288
12.928
12.288
12.288
12.288
12.288
12.224
12.288
12.288
13.376
12.288
12.352
12.288
12.288
12.288
12.48
12.288
12.64
12.288
13.408
11.968
11.168
12.224
11.776
12.256
12.608
14.08
12.736
12.608
13.088
12.768
13.184
12.928
12.384
12.288
12.832
12.576
12.544
13.696
12.288
13.312
12.448
12.48
12.384
12.64
12.768
12.288
12.576
12.288
12.288
14.336
12.288
12.288
12.288
13.568
14.016
13.76
12.224
12.512
12.256
12.448
12.416
12.704
12.288
12.544
12.64
12.288
12.288
12.896
12.576
12.288
12.288
12.288
11.168
13.344
12.448
12.288
12.352
13.44
13.44
12.448
12.448
12.736
12.48
14.08
12.736
12.672
12.288
12.48
12.288
12.448
12.416
12.768
12.16
12.288
12.288
12.288
12.224
13.76
12.288
12.928
12.288
12.704
12.512
13.92
13.312
13.536
12.288
12.192
12.288
12.288
12.384
12.384
12.768
12.96
12.16
12.448
12.288
13.504
12.288
12.288
12.416
18.496
12.288
12.288
12.544
12.352
12.288
