1036.06
965.184
962.752
968.352
963.872
965.088
963.68
965.632
957.888
966.944
964.32
964.704
970.944
971.456
967.392
967.456
960.128
969.28
959.36
966.528
965.856
967.68
967.968
966.976
961.024
969.568
958.496
961.28
960.64
967.648
963.616
962.432
969.28
964.96
970.176
964.416
969.152
966.176
967.968
966.56
960.704
967.136
968.832
964.448
964.96
965.024
966.432
959.648
965.28
959.136
968.16
968.608
968.352
967.488
967.936
965.92
968.48
967.264
965.824
966.464
966.336
964.576
967.456
968.32
957.376
959.392
961.824
960.544
969.312
958.624
968.8
969.28
967.04
972
960.288
958.24
972.384
965.792
964.928
968.8
968.032
964.672
965.888
968.448
960.032
971.648
962.56
955.52
963.872
966.08
964.768
962.752
962.784
964.224
962.528
964.32
965.152
965.184
962.688
966.368
964.512
965.184
964.544
964.32
958.464
960.416
952.992
955.232
964.8
965.088
962.784
958.688
962.016
960.992
964.384
960.544
962.464
963.648
956.064
959.52
964.288
964.832
962.016
964.32
965.056
963.744
964.352
968.544
963.744
956.352
958.88
966.56
959.712
965.312
963.872
961.216
961.408
966.528
961.984
963.648
959.328
959.936
962.784
959.84
963.04
964.992
983.968
960.64
962.656
957.568
957.216
955.168
959.936
957.888
969.952
963.04
963.04
963.52
965.984
963.808
959.584
957.152
967.968
959.232
959.808
957.152
968.736
964.096
958.912
958.4
962.944
962.56
957.792
961.536
961.824
962.112
956.48
963.264
955.776
967.68
962.976
961.984
965.088
962.176
964.512
955.008
956.384
960
956.96
965.664
958.656
963.392
957.504
962.976
960.064
962.752
958.496
963.584
965.664
959.68
962.496
962.24
965.696
955.072
956.512
955.968
955.584
965.76
955.488
958.112
961.792
964.8
959.072
955.712
964
960.48
957.472
963.36
965.088
962.016
958.464
954.944
962.048
969.888
1032.48
958.656
955.2
962.688
964.832
962.432
966.848
964.384
960.96
964.064
964.352
954.72
954.496
953.408
965.376
968.416
970.336
965.12
965.024
963.936
958.176
955.008
960.64
958.848
954.944
959.072
956.896
956.192
953.184
950.976
959.264
951.328
957.92
962.176
960.256
952.896
952
952.928
957.6
957.728
951.168
953.792
954.144
954.72
960.672
957.024
964.576
952.896
954.304
954.944
956.064
951.936
953.92
952.256
959.072
958.304
958.464
960.16
957.376
951.424
956.544
954.208
951.136
954.976
960.992
960.32
955.616
952.576
958.752
954.976
959.488
961.888
962.176
961.6
951.904
957.92
949.44
959.456
960.832
953.184
959.552
956.352
952.288
961.216
959.84
959.424
955.648
960.672
951.68
951.392
958.336
952.992
953.856
952.512
953.056
959.36
958.592
954.432
955.008
958.912
951.392
958.016
954.208
954.784
952.224
952.448
951.872
954.88
953.216
954.144
955.328
958.528
958.336
949.92
953.472
951.872
950.176
960.096
954.24
961.472
960.832
959.68
952.288
958.912
958.144
956.8
961.536
957.12
963.072
953.088
952.576
960.224
959.008
958.528
959.584
959.648
960.096
959.744
955.328
961.44
958.016
962.304
959.648
957.216
963.072
959.424
956.608
960.608
960.928
957.184
962.816
957.728
960.576
959.264
952.672
953.952
957.28
959.968
961.12
957.408
961.12
958.784
957.792
949.792
953.152
960.544
949.28
953.088
960.256
959.552
959.2
959.872
953.376
952.672
957.536
950.784
959.808
952.864
950.432
960.704
957.312
961.344
947.744
957.792
962.24
961.632
955.456
954.464
951.04
953.984
953.344
951.296
953.568
952
954.208
958.72
955.04
950.528
950.144
958.144
953.824
948.8
956.352
957.696
961.376
952.832
958.912
962.176
952.928
951.072
954.432
953.536
958.208
951.136
960.576
958.88
961.504
951.936
962.848
961.472
949.12
948.288
955.52
955.84
955.392
952
957.024
961.12
949.472
952.288
952.096
958.656
958.688
955.168
951.008
949.696
954.208
955.84
953.728
959.36
969.664
949.824
950.24
951.968
956.864
958.496
955.872
953.248
952.96
959.84
955.136
951.744
953.28
960.384
958.496
953.6
958.176
956.032
960.832
958.944
958.592
959.52
956.864
960.096
953.92
951.68
961.76
959.808
960
959.104
960
952.48
956.224
952.48
953.28
955.744
962.656
954.048
954.432
953.824
954.112
949.728
952.32
952.8
959.328
958.528
952.736
958.912
960
961.536
960.64
957.088
960.096
959.296
949.856
953.632
957.792
960.384
954.144
956.768
960.832
952.768
959.968
959.488
961.376
951.776
958.528
959.936
960.992
959.136
951.04
951.616
959.328
956.512
951.68
955.84
961.376
957.632
958.784
957.344
955.392
954.048
953.44
958.656
951.936
953.504
954.144
951.776
951.456
955.104
952.64
952.096
952.32
952.448
957.76
951.808
952
951.68
953.408
954.336
950.88
951.424
953.344
955.456
955.168
953.632
958.464
955.808
951.712
953.344
961.408
956.8
959.936
952.544
952.32
959.808
960.32
952.384
960.864
951.552
956.768
961.024
961.792
960.096
959.552
950.4
952.768
963.168
960.352
961.12
959.776
952.064
954.528
958.528
956.768
963.264
954.432
949.44
960.64
956.32
955.552
962.656
959.488
959.904
961.216
959.776
951.52
951.488
960.096
953.056
961.632
953.28
953.28
960.16
950.816
950.656
960.448
957.536
956.64
958.08
958.912
961.568
956.416
959.136
959.872
956.8
948.416
952.16
953.568
956.96
956
954.304
961.312
960.96
961.76
960.064
961.152
960.128
952.192
962.176
960.192
952.8
948.768
958.048
950.496
957.536
961.536
961.92
950.176
961.216
952.48
948.832
953.92
956.32
960.096
958.848
956.096
953.408
953.44
957.728
951.04
952.224
951.232
952.16
950.816
957.824
949.856
953.216
953.152
962.08
961.248
962.4
954.912
963.584
957.664
960.192
962.112
961.824
959.264
958.24
959.136
952.608
950.912
950.336
962.208
951.264
957.696
961.376
953.216
952.768
960.96
959.52
963.488
957.152
952.96
959.456
957.216
949.92
951.296
959.776
959.104
960.32
951.648
956.864
959.296
952.192
952.864
960.64
949.664
950.112
959.2
961.408
953.088
952.384
959.104
961.024
959.552
952.576
961.056
956.576
957.632
958.56
954.016
952.032
959.776
950.464
960.416
959.68
952.384
958.304
960.416
957.056
962.656
957.152
953.856
957.632
954.272
956.512
959.968
957.92
957.888
956.544
958.976
958.144
958.464
959.232
960.224
959.872
962.016
958.016
959.712
959.52
959.232
959.488
962.4
957.472
962.624
955.488
949.248
959.232
962.4
956.576
952.48
956.064
960.8
959.456
960.512
957.984
959.04
953.856
952.768
952.544
961.024
956.416
959.808
958.944
962.272
953.472
957.056
958.752
961.12
953.184
949.952
959.52
950.784
958.112
960.672
959.232
959.872
951.872
959.776
956.768
957.056
963.04
960.704
959.296
958.176
950.368
961.696
977.056
960.064
954.528
956.64
959.744
959.104
955.552
954.304
958.048
959.872
961.056
953.056
959.296
955.84
960.896
959.648
981.152
958.656
956.896
963.136
950.432
953.152
949.664
960.224
949.44
959.072
956.832
964
951.328
962.752
957.888
963.84
952.928
958.048
951.52
955.136
965.6
959.872
958.336
960.48
951.68
954.72
959.36
957.664
961.152
958.272
962.368
951.808
959.168
949.504
950.752
960.736
957.344
952.064
951.072
958.848
958.88
956.448
958.432
954.72
955.52
955.04
959.456
959.456
957.664
958.72
961.472
954.336
963.456
953.696
952
952.032
958.816
957.376
952.16
954.336
962.368
967.04
958.176
955.616
960
951.872
956.736
957.024
952.352
960.288
953.216
959.648
959.584
952.704
951.52
958.4
958.624
959.872
959.968
959.104
952.832
959.808
959.616
953.696
959.328
950.4
949.248
952.608
957.088
959.264
957.792
955.456
952.864
960.8
959.264
959.264
955.424
956.448
957.664
961.248
961.888
960.032
958.368
960.128
960.896
957.824
959.104
963.712
953.76
960.832
959.392
951.584
953.248
952.16
962.08
956.32
960.576
959.488
958.656
951.2
961.248
958.176
958.848
959.776
959.392
960.928
959.232
961.536
955.424
954.976
954.912
962.08
958.208
957.152
954.816
960.16
960.16
952.896
961.312
954.112
950.784
959.904
957.664
960.864
952.48
961.088
955.52
956.224
962.208
953.76
954.432
957.312
954.592
956.704
951.2
960.096
959.424
953.184
961.152
959.072
960.384
960.512
960.288
955.52
950.336
954.784
953.856
960.832
959.872
961.728
959.552
957.632
955.744
956.8
957.344
957.888
962.048
962.432
955.488
955.424
963.008
