69.632
14.624
12.928
13.888
12.992
12.928
12.8
12.288
12.832
12.416
13.856
12.672
12.576
12.768
12.288
12.512
12.288
12.512
13.664
15.808
13.728
13.888
13.408
12.352
12.448
13.568
13.76
12.288
12.832
13.568
13.472
12.288
12.288
12.288
12.288
12.544
12.928
12.992
13.472
13.504
13.568
13.76
13.44
13.6
13.536
13.6
12.288
12.288
12.512
12.288
12.288
13.344
12.288
12.288
12.832
12.288
13.44
13.408
22.528
12.992
12.8
12.608
12.8
12.864
12.928
12.736
14.176
12.96
12.768
12.448
12.672
12.704
12.736
12.352
12.288
12.384
12.288
12.736
12.8
12.928
12.832
12.832
12.416
12.448
12.288
12.864
12.704
12.288
13.952
13.408
13.664
12.544
13.6
13.632
12.736
13.6
12.416
12.288
12.352
12.288
12.288
12.288
12.512
13.312
14.336
13.12
12.288
12.288
13.408
12.288
14.016
13.6
13.056
12.928
13.344
13.184
12.544
12.512
12.416
12.672
12.352
12.48
13.568
17.44
14.048
12.32
13.664
12.896
12.8
12.832
12.896
12.544
12.416
12.288
13.344
13.408
13.44
14.048
14.272
12.768
13.568
13.792
20.48
14.08
14.336
13.952
14.144
12.992
12.8
12.8
12.352
13.664
13.824
13.792
13.152
12.8
12.352
13.6
13.6
12.736
12.352
12.48
24.576
13.312
13.44
12.288
13.536
12.672
12.64
12.704
12.544
12.896
12.768
12.672
12.768
13.024
12.832
13.696
12.288
12.288
14.176
12.832
13.056
12.736
12.64
12.544
13.6
12.288
12.288
12.416
12.288
12.288
12.288
13.376
13.12
13.632
13.568
12.288
12.288
12.288
13.312
12.672
12.768
12.768
13.504
12.288
12.288
12.576
12.704
12.8
13.12
14.304
13.248
14.048
14.176
12.96
12.64
13.344
12.736
13.6
13.504
13.344
12.832
13.696
13.632
13.6
13.44
13.536
12.288
13.376
12.288
13.824
14.08
13.824
13.6
13.6
12.384
13.536
14.24
14.24
14.208
14.016
13.792
13.184
12.416
12.8
12.896
14.048
13.984
14.08
14.016
14.016
14.176
13.056
13.216
13.952
15.552
13.568
13.792
12.288
12.8
12.736
12.672
12.672
12.288
12.832
12.832
13.6
13.76
13.728
13.408
12.288
12.288
12.416
12.96
13.376
12.992
12.768
12.288
12.288
12.288
12.352
12.768
12.832
13.92
13.472
13.472
12.288
12.288
12.32
12.64
12.416
12.704
12.704
12.768
20.032
13.088
12.544
12.288
12.288
12.288
12.288
12.352
13.44
13.792
14.208
12.8
13.92
13.696
13.408
13.28
13.024
12.288
13.792
13.952
14.336
14.016
12.768
12.672
13.12
13.216
12.832
13.024
12.864
13.536
12.384
12.544
12.544
12.608
12.928
14.336
13.12
14.016
13.792
12.288
12.288
12.512
13.888
13.408
13.728
12.288
12.288
12.896
12.96
13.504
13.824
12.288
12.32
12.64
12.832
12.8
13.184
13.504
14.048
13.6
13.792
12.672
12.704
12.288
12.512
12.288
12.288
12.736
12.288
12.288
13.632
12.288
12.288
12.704
12.992
12.704
13.472
12.352
12.512
12.448
12.512
12.736
13.12
13.632
13.472
12.288
13.824
13.536
13.728
12.288
12.384
12.832
12.768
12.96
13.6
12.288
20.48
12.352
13.408
13.44
12.288
12.416
12.736
12.384
12.96
12.768
13.44
12.288
12.32
28.992
13.568
12.416
12.704
12.288
12.288
20.64
13.056
12.704
12.704
12.608
14.24
12.48
12.864
13.696
14.112
13.504
12.672
12.608
12.576
13.088
14.048
13.92
13.984
13.888
13.248
13.152
12.672
12.608
12.416
12.704
12.8
12.544
12.64
12.896
13.696
13.76
12.288
12.704
13.44
13.376
13.824
8.192
13.696
13.184
12.96
12.288
12.576
13.568
12.864
12.8
13.664
12.576
13.696
12.96
13.696
13.696
12.288
12.288
12.288
12.832
13.728
12.896
18.176
12.448
13.728
13.696
12.768
12.736
13.376
13.984
12.768
12.8
12.832
12.704
13.664
12.704
13.728
13.792
12.576
12.288
12.832
12.416
12.736
12.384
12.512
12.736
12.544
12.736
12.832
13.728
13.6
13.312
12.544
12.992
12.672
12.832
12.928
12.768
14.048
12.704
13.44
13.76
12.832
12.8
12.768
12.448
12.448
12.288
12.64
12.512
12.704
12.768
13.312
13.536
12.288
12.288
12.576
12.48
12.96
12.288
12.384
13.696
12.672
12.64
12.864
13.664
13.408
13.696
12.736
12.672
12.736
12.736
12.864
14.08
13.632
13.952
12.704
12.96
12.896
12.672
12.288
13.728
12.288
12.608
12.8
13.536
12.288
12.512
12.96
12.896
12.704
13.408
13.728
12.288
12.48
12.512
12.704
13.6
12.864
12.288
12.32
12.672
12.576
12.288
12.544
12.8
13.312
12.288
12.576
13.92
12.288
12.288
12.384
12.768
13.76
12.992
13.696
13.472
12.288
16.768
12.352
12.32
12.512
12.672
12.768
13.632
13.376
12.32
12.672
13.536
12.544
12.864
12.768
12.672
12.288
12.288
12.928
13.088
12.8
14.08
13.568
13.44
12.608
13.056
12.448
12.96
12.992
13.088
13.824
13.44
12.544
12.64
13.088
13.568
12.288
13.088
13.856
13.344
12.544
13.536
12.416
12.768
12.608
13.792
12.384
12.672
12.608
12.288
12.608
13.6
12.288
12.512
12.288
12.96
12.288
12.768
13.504
20.256
12.576
12.704
13.696
12.288
12.512
12.672
13.312
12.448
12.288
12.544
13.728
12.544
12.608
12.288
12.896
12.288
12.608
13.6
12.288
12.288
12.288
12.288
13.344
12.544
12.864
12.288
12.544
13.536
12.32
12.832
12.928
13.632
13.344
12.576
12.288
12.96
12.704
13.376
12.288
12.928
12.768
12.288
12.576
12.672
12.768
13.6
12.288
12.544
12.8
13.6
13.76
13.536
12.288
12.288
12.544
12.736
13.664
13.536
17.632
13.728
12.288
12.384
12.96
12.896
12.96
12.8
12.288
12.288
25.28
14.304
12.896
13.344
13.664
13.632
13.376
13.728
13.376
16.896
13.088
13.952
13.12
13.184
14.208
13.056
13.088
12.448
12.608
12.576
12.608
13.312
12.352
12.64
13.088
14.144
12.928
12.288
18.848
24.512
14.176
12.352
13.664
12.576
12.288
12.288
12.704
12.48
13.6
13.344
12.448
12.704
13.728
13.408
12.48
12.384
12.736
12.672
12.48
12.448
12.64
12.352
12.832
12.768
12.608
12.896
13.44
12.768
12.832
12.512
12.896
12.704
12.544
12.288
12.288
12.576
12.608
12.576
12.736
12.704
12.672
13.344
12.288
13.568
12.288
12.48
12.48
12.672
12.576
12.832
12.64
14.144
13.632
13.664
12.288
12.288
14.24
13.984
13.632
13.152
13.632
13.504
13.504
13.44
13.408
13.792
13.664
12.896
14.24
13.248
13.856
12.992
13.952
13.792
13.408
19.776
14.336
13.216
12.896
13.696
13.376
12.288
12.8
12.704
12.576
12.288
12.96
12.608
13.088
13.024
13.92
14.272
13.792
13.568
13.6
12.8
13.664
12.288
12.768
8.416
12.768
12.8
12.288
12.288
12.512
12.544
13.504
12.288
12.768
12.768
13.6
13.728
12.288
12.672
12.544
12.288
12.896
12.512
13.152
12.672
12.864
13.664
13.568
12.288
12.896
13.12
12.928
12.608
12.288
12.288
12.64
14.336
13.12
13.12
13.76
13.184
12.832
12.928
14.272
14.144
14.24
13.92
13.376
12.48
12.64
13.408
12.288
12.64
13.12
12.832
13.888
13.856
12.288
13.536
12.416
12.288
13.056
13.056
14.24
14.112
13.824
13.92
13.44
12.928
13.952
13.504
12.736
13.728
13.408
12.8
12.288
12.416
12.832
12.608
12.864
12.288
12.8
13.664
12.384
12.8
12.288
12.288
12.288
12.96
12.8
12.288
12.288
12.288
17.312
12.288
12.544
12.768
13.44
12.288
12.992
13.44
12.48
13.728
12.288
12.8
12.512
13.12
13.792
12.288
13.44
13.472
12.64
14.336
12.8
12.512
13.184
12.416
13.12
14.112
13.408
12.416
13.408
13.408
13.376
12.8
12.576
13.184
14.048
12.288
12.288
12.288
17.408
13.824
13.408
12.288
12.416
13.536
12.288
12.512
12.416
12.288
12.64
13.728
12.288
12.864
12.992
13.568
12.288
12.704
12.288
12.416
12.288
12.544
12.736
13.568
12.288
12.896
14.176
13.824
12.288
12.928
13.152
13.568
12.384
