69.632
12.288
10.88
11.008
11.552
11.776
10.912
10.72
11.808
25.056
11.104
11.712
10.432
11.264
11.776
10.656
12.256
11.392
11.68
10.848
11.68
10.368
12.032
11.264
11.648
10.88
11.168
11.616
11.296
10.528
11.776
10.88
10.752
11.328
10.432
10.976
10.976
11.808
10.848
10.816
10.848
11.488
10.304
10.304
10.432
11.392
11.808
11.744
11.616
10.592
10.56
10.528
10.24
10.24
10.336
10.24
11.712
10.72
10.464
10.688
11.872
10.688
10.848
10.464
10.944
10.4
10.24
10.24
10.304
11.552
11.104
10.24
10.496
10.24
10.336
10.24
10.24
10.56
10.496
10.432
11.584
11.104
10.496
10.24
10.24
11.296
11.456
10.24
11.648
10.944
10.72
10.272
10.432
10.24
11.392
11.424
11.584
11.392
10.784
11.008
10.528
10.304
10.656
10.304
10.848
10.24
10.24
26.624
10.656
10.976
10.24
10.624
10.24
10.656
11.968
11.264
11.936
10.24
11.264
11.616
10.496
10.976
11.648
10.976
10.24
10.496
11.904
10.272
11.328
11.136
11.84
10.304
11.968
12.032
11.072
11.296
11.36
10.944
11.296
10.752
11.712
11.712
10.304
11.872
11.168
11.04
11.488
10.432
11.68
11.904
10.528
10.912
11.584
10.56
12.064
10.336
11.744
10.528
12.032
10.432
12.288
10.24
12.288
11.776
10.752
12.288
11.776
10.4
10.24
10.976
12.192
10.4
10.368
10.816
11.264
10.816
11.072
10.24
12.096
10.24
12.128
10.272
10.88
11.392
11.616
11.488
11.232
11.584
10.336
10.656
11.488
11.68
11.84
10.432
11.904
11.04
10.688
12.192
10.24
12.128
11.072
10.368
11.904
10.592
12.16
10.24
12.288
10.272
11.136
40.96
11.392
10.72
11.008
12.192
10.304
12.032
11.2
10.24
11.904
11.968
10.432
11.968
11.84
11.36
12.16
10.592
12.16
11.584
10.496
11.84
11.328
11.136
12.288
11.392
11.104
11.904
10.784
10.976
11.808
10.688
11.008
11.904
10.24
11.776
10.24
10.88
11.744
10.752
10.624
10.432
10.24
12.288
10.4
12.032
11.84
10.336
11.584
10.912
10.336
11.712
10.944
11.296
11.36
11.04
10.944
11.68
10.56
12.288
11.872
10.528
12.192
10.4
10.4
11.776
10.24
10.72
12.288
12
10.304
10.72
10.88
12.288
10.528
11.648
10.624
12.224
10.912
12
11.072
10.624
11.84
10.848
11.872
10.432
10.752
11.296
12.224
10.624
11.424
11.712
11.072
11.936
11.68
10.304
11.488
10.688
11.872
10.464
11.072
10.592
10.336
10.976
10.56
10.432
11.712
10.848
12.256
10.56
11.36
11.744
12.224
10.272
10.688
11.872
10.624
11.104
12
10.24
10.24
10.944
11.84
10.4
11.52
11.744
10.528
11.168
10.24
11.648
10.944
10.848
10.528
10.24
10.272
10.24
11.136
10.72
11.776
10.528
10.24
11.52
11.328
10.72
10.24
11.424
11.008
10.24
11.744
11.488
11.872
11.744
10.816
10.432
10.496
11.296
11.2
10.4
11.296
11.392
10.24
11.36
11.072
10.4
10.336
10.24
11.84
10.816
10.688
10.592
10.528
10.464
10.272
10.24
10.24
10.24
11.648
11.84
10.464
10.24
11.648
11.424
11.392
11.456
10.688
10.88
10.272
10.88
10.464
10.56
10.24
11.872
10.72
10.688
10.752
10.624
11.36
11.296
10.24
11.744
10.752
10.528
10.688
10.464
10.24
10.336
10.24
10.24
10.72
10.464
10.24
11.264
10.944
10.24
10.24
10.24
11.712
11.392
10.24
11.328
10.464
11.296
11.68
11.776
10.752
10.624
11.776
10.72
11.616
10.464
10.752
10.656
10.816
10.304
10.4
11.616
11.008
10.624
11.744
10.688
10.752
10.336
11.392
10.24
10.272
10.24
11.392
10.4
10.24
10.24
10.24
11.328
11.936
10.752
10.624
10.624
10.24
11.296
10.24
10.656
10.24
10.24
10.336
10.72
10.24
10.24
10.24
10.24
10.24
11.488
10.72
10.656
11.584
11.488
11.648
11.36
10.24
14.336
10.24
10.24
10.4
10.336
10.4
10.272
10.24
10.592
10.624
10.656
10.24
10.24
10.336
10.944
10.688
11.52
11.744
12.096
12.032
10.304
11.584
11.136
11.552
10.752
11.328
10.816
10.464
10.976
11.616
10.72
11.552
11.616
11.168
10.432
10.464
11.392
11.84
10.336
11.072
10.592
11.36
11.744
11.968
11.264
12.064
10.272
10.912
10.24
10.848
11.424
11.04
11.776
10.752
11.008
10.624
11.264
11.584
12.288
12.032
11.296
10.24
10.24
11.264
12.192
11.808
10.56
10.688
10.752
10.4
10.688
10.592
10.624
10.592
10.496
10.24
10.24
10.4
10.368
10.56
10.24
10.304
10.528
10.656
10.656
11.04
10.624
11.52
10.24
11.424
11.424
10.24
10.24
11.264
11.36
10.272
10.24
10.24
11.072
10.816
10.944
10.24
10.976
10.24
11.776
10.464
10.88
11.232
10.24
12.288
11.36
10.784
11.552
10.88
10.336
12.288
10.528
11.424
11.136
10.336
11.456
11.072
10.24
11.488
10.944
11.68
11.296
10.816
10.24
10.592
11.744
11.712
10.432
11.392
11.456
12.096
10.56
11.456
10.624
11.488
10.656
12
11.296
11.808
10.4
10.88
10.272
15.552
10.368
10.688
10.624
10.656
10.656
10.592
10.56
10.24
10.304
10.56
10.72
10.24
11.552
11.616
11.424
11.36
10.88
10.784
10.88
11.616
11.776
11.36
10.976
10.656
10.752
10.88
10.624
11.104
11.68
10.624
10.304
11.392
11.04
10.72
11.616
11.52
10.944
11.36
12.288
11.072
10.24
12.192
11.296
11.136
10.656
10.24
11.712
12.16
10.272
11.872
10.816
11.456
11.904
11.424
12.064
12.064
10.336
11.584
12.288
11.52
11.008
11.552
12.032
11.168
10.784
10.432
10.24
10.848
11.488
11.008
12.032
11.648
12.032
12.288
10.624
11.424
11.328
11.584
11.776
11.68
10.784
12.192
10.272
11.552
11.04
10.848
11.328
16.256
12.128
11.36
12.224
11.392
11.168
10.336
11.968
11.04
10.752
12.064
10.592
11.872
11.008
10.304
10.88
10.784
11.552
11.136
11.52
11.808
10.624
11.456
10.528
10.784
12.096
10.912
10.432
11.008
10.24
10.72
10.944
11.008
10.304
11.168
11.456
12.224
10.24
11.968
10.336
10.816
10.24
10.976
10.24
11.584
12.256
10.24
10.816
10.528
10.24
10.624
12.16
11.968
10.528
11.648
10.624
12.288
10.528
11.488
11.072
11.072
10.88
10.24
10.656
11.328
11.84
10.912
10.24
10.912
11.456
11.008
10.272
11.872
10.72
10.624
11.36
10.592
11.616
10.976
11.296
12.128
10.624
6.208
10.24
11.136
10.592
11.392
17.408
11.168
10.24
10.368
10.624
10.752
10.528
11.712
11.36
11.84
10.56
11.168
10.464
11.36
10.848
11.296
10.784
10.848
11.808
11.072
10.688
11.712
10.976
10.4
11.04
10.976
11.296
10.912
10.24
12.064
10.368
11.104
11.456
11.776
12.256
10.528
11.264
12.032
10.784
10.368
11.424
11.84
11.008
10.4
10.816
10.24
10.976
10.72
11.968
11.616
10.944
10.464
11.296
11.04
10.688
10.24
11.392
10.912
18.432
12.256
11.2
10.24
11.424
10.88
10.848
10.816
11.648
11.84
10.88
12.288
10.688
10.976
10.24
10.752
10.24
11.04
10.24
11.808
10.592
11.808
10.592
10.496
11.552
11.04
10.688
11.808
10.688
12
10.88
10.592
10.24
11.072
10.56
11.552
10.976
11.456
12.064
12.256
10.432
10.528
12.064
10.272
11.712
10.976
10.24
10.272
10.752
11.552
10.784
11.52
11.744
11.136
10.336
10.624
11.392
10.528
11.68
11.264
11.104
11.744
10.72
12.032
11.04
10.432
11.648
10.88
10.24
11.776
10.784
11.968
10.848
10.976
11.424
11.072
10.528
11.104
10.24
10.24
11.776
10.624
10.496
12.288
10.528
10.24
11.072
12
14.176
11.36
10.944
10.336
11.584
10.976
11.392
11.264
11.584
11.072
11.488
11.04
10.4
12.288
10.688
10.304
11.68
10.56
10.4
10.4
11.648
10.4
11.744
11.552
11.424
11.04
10.272
11.616
11.072
10.368
10.784
10.464
11.68
10.688
10.4
11.488
12
10.272
12.032
11.616
10.72
11.68
10.976
10.368
12.032
10.72
10.24
