261.376
182.464
180.672
187.392
184.416
184.512
184.704
178.496
185.632
185.376
185.248
185.696
185.376
185.792
186.048
178.912
186.08
179.04
185.76
187.232
186.336
185.248
187.04
179.296
186.176
178.72
180.128
186.144
179.04
186.016
202.144
186.112
178.72
179.008
180.736
186.144
186.656
185.824
180.608
186.912
185.824
184.768
186.4
184.736
187.648
186.176
187.648
184.928
186.752
186.976
186.528
178.944
183.264
187.616
185.76
180.256
186.88
178.208
180.064
180.192
185.888
184.768
184.32
185.088
184.736
178.528
180.672
187.648
178.88
179.68
179.872
184.512
180.928
179.136
180.16
179.776
178.752
179.904
180.48
176.96
186.624
178.976
186.176
187.328
184.928
179.776
187.008
179.232
186.688
185.664
187.392
185.504
185.344
186.144
185.536
186.816
185.12
187.168
186.464
184.48
184.512
186.208
185.824
185.024
178.72
185.6
179.232
178.848
178.656
178.432
178.912
179.328
179.2
179.232
179.616
178.112
179.648
186.016
185.28
184.992
188.672
185.504
186.56
187.84
185.728
186.368
186.368
185.824
187.04
179.744
184.928
186.88
187.232
185.248
185.952
187.168
184.128
178.944
187.04
177.824
187.04
183.424
185.856
185.792
178.144
185.824
186.272
179.328
177.664
179.712
185.152
185.568
184.736
184.576
179.424
188
179.776
180.512
186.976
185.568
187.776
186.112
186.72
185.792
178.656
185.344
184
186.752
186.784
185.6
184.48
177.76
185.184
184.608
178.912
187.456
186.464
186.24
187.072
186.144
185.568
179.552
185.856
180.64
178.784
187.168
184.448
185.76
185.824
187.36
186.752
186.08
186.432
186.656
178.688
185.952
187.456
184.416
185.632
186.688
178.112
184.8
179.392
185.184
184.992
184.896
186.112
185.856
186.752
185.888
185.12
186.816
184.704
187.2
186.464
186.08
182.112
186.144
186.528
185.6
179.168
186.112
185.6
187.584
186.528
186.176
187.36
180.096
185.248
186.272
186.752
187.04
186.176
185.888
187.392
186.048
184.704
185.568
184.384
186.144
186.432
186.496
185.92
185.44
186.752
187.136
186.656
184.16
183.264
186.752
185.728
185.696
185.824
187.2
187.168
183.136
185.664
186.464
187.168
185.888
187.296
187.552
180.64
184.992
186.56
187.104
184.992
187.232
183.136
186.368
187.104
187.328
186.176
178.4
186.56
185.856
184.512
188
185.248
186.752
186.912
187.328
186.464
179.296
186.944
183.552
179.328
187.68
185.152
185.056
185.504
185.088
186.208
185.856
186.4
186.464
186.048
179.488
179.872
187.232
185.792
184.16
185.632
185.792
186.656
186.24
184.64
185.216
184.64
185.632
186.24
187.264
185.632
184.576
186.208
184.512
184.256
186.72
184.608
188.48
185.792
188.768
185.312
187.488
187.168
186.976
185.216
187.68
185.312
185.408
180.128
186.016
179.488
186.496
185.248
185.696
184.48
184.416
187.392
184.576
187.36
185.792
186.016
185.6
180.544
187.04
185.888
187.968
184.64
185.376
186.112
187.2
186.304
185.824
185.408
185.376
185.28
179.584
180.576
178.624
178.272
186.208
185.888
179.168
184.448
187.104
185.536
185.92
186.88
185.344
187.36
185.728
186.624
178.624
185.376
186.944
180.032
186.784
179.104
185.632
186.08
186.816
186.048
185.504
186.72
185.792
185.568
185.376
178.112
186.208
186.4
179.328
184.928
186.72
183.232
185.152
187.136
186.88
185.792
187.232
186.336
178.816
178.496
178.88
185.984
188.096
187.2
185.472
179.04
185.568
185.056
187.52
186.4
185.6
186.368
186.176
186.912
185.216
187.136
179.296
177.632
185.44
184.96
185.088
186.08
185.632
176.864
185.856
177.856
183.584
184.768
184.576
183.68
185.568
184.8
185.856
183.744
184.384
187.008
185.888
185.728
185.152
182.016
184.736
186.24
177.632
186.24
186.912
185.024
186.72
184.096
185.376
187.008
185.6
185.184
187.04
184.416
185.472
182.912
184.96
185.888
180
184.8
183.52
183.328
184.96
185.856
185.408
185.632
184.256
184.896
184.896
185.984
184.704
185.472
185.408
185.984
183.936
186.4
184.512
185.312
184.736
186.208
185.12
184.928
184.224
185.152
183.488
185.12
184.992
183.744
178.752
184.192
184.16
185.6
178.624
186.144
178.208
184.992
185.088
185.216
185.888
185.664
183.968
184.704
185.6
177.984
185.856
187.136
185.088
184.352
185.28
184.192
182.112
186.048
183.968
184.16
186.24
185.856
185.376
184.576
184.48
184.928
186.176
183.36
185.312
183.424
187.232
183.008
186.016
184.896
185.696
184.704
185.024
185.088
185.376
196.224
184.448
185.44
184.544
183.168
186.752
186.048
183.968
185.856
183.296
184.928
184.032
185.248
187.04
183.264
185.696
185.504
185.184
178.976
185.152
184.896
185.824
185.536
184.736
185.92
185.44
183.872
178.24
185.824
184.896
184.384
184.64
186.368
184.512
185.888
186.112
184.064
184.288
185.44
184.672
186.848
185.248
184.928
184.896
184.736
185.472
177.216
185.056
188.064
184.864
183.712
177.44
179.552
187.2
178.88
185.024
178.336
177.376
178.784
186.176
183.904
184.256
185.536
186.816
183.968
179.808
184.256
186.464
179.296
184.704
186.56
186.112
185.792
185.856
185.632
186.176
184.288
177.824
186.048
184.32
185.824
185.504
187.904
185.504
198.784
185.152
185.664
177.216
184.48
185.152
183.52
184.128
183.232
183.136
185.76
185.984
184.576
184.544
186.048
184.704
183.872
186.816
178.304
184.256
184.352
183.872
185.312
184.672
185.44
186.88
183.392
185.632
185.952
185.28
186.048
186.24
183.552
187.04
184.768
178.4
183.936
185.888
185.408
184.928
185.504
185.184
183.072
183.712
185.024
184.032
184.8
180.32
185.312
184.64
184.992
184.224
184.096
183.776
185.728
182.88
185.088
183.392
185.056
185.472
185.696
183.424
185.28
182.848
186.784
185.472
184.512
184.224
185.408
184.8
184.16
183.68
184.16
183.616
183.36
179.104
177.856
177.536
186.848
186.464
185.632
186.016
183.296
185.984
185.92
177.792
183.744
186.848
185.248
186.336
186.208
185.024
184.384
182.464
185.984
180.032
183.648
184.576
183.648
183.968
184.928
184.256
184.896
184.544
183.936
184
184.096
185.696
185.888
185.92
176.992
176.512
178.208
183.968
177.792
182.304
184.768
183.296
184.736
184.896
183.456
183.744
185.888
184.256
183.904
184.384
184.896
185.6
183.84
177.792
184.64
185.088
181.92
184.704
186.048
184.416
184.896
184.448
185.728
185.984
183.328
183.52
185.12
183.776
185.92
183.328
185.92
185.12
184.928
183.52
184.096
184.064
183.68
186.336
183.168
183.232
183.616
185.376
184.608
186.528
184.608
185.92
185.088
184.8
177.824
183.264
183.968
183.936
184.96
183.84
184.256
182.432
177.184
183.296
184.576
184.544
184.544
183.456
184.928
185.952
185.632
183.488
183.488
177.728
185.408
184.832
185.856
184.32
184.672
178.944
178.24
184.736
183.776
184.48
185.952
183.936
183.712
185.312
184.928
185.088
176.576
184.992
176.704
183.584
186.4
184.576
183.36
184.704
186.208
184.64
200.544
184.64
185.024
183.488
183.168
183.744
183.072
183.904
184.864
184.864
185.472
184.224
182.944
185.248
184.352
183.712
183.552
183.424
182.784
183.264
183.168
177.952
184.608
183.904
184.768
181.984
183.808
184.8
176.608
185.184
184.16
185.312
183.136
176.992
177.76
184.608
183.52
185.536
182.592
184.192
185.216
183.552
182.976
182.24
185.984
183.2
184.16
182.72
182.912
183.104
182.272
182.944
182.656
183.904
183.264
183.104
182.56
182.432
182.624
185.6
182.08
183.616
182.016
176.928
184.288
184.384
183.04
185.152
183.744
180.768
183.84
183.712
183.488
182.656
184.512
183.552
183.392
185.664
183.36
182.656
184.736
183.2
182.592
182.912
176.544
183.68
184
182.912
183.392
185.696
179.616
183.072
185.024
182.72
182.432
185.12
182.208
182.432
183.904
183.616
183.072
175.68
184.832
184
184.352
183.744
183.424
184.096
184.928
176.16
183.52
183.744
183.552
183.776
184.096
182.144
183.296
183.712
183.008
182.304
183.872
185.024
174.528
184.128
186.016
184.704
183.008
182.784
185.76
183.52
184.704
182.08
183.584
183.904
184.768
182.24
183.488
183.904
183.904
183.328
176.8
177.952
183.648
184.224
182.368
184.288
184.896
182.432
182.72
183.328
183.584
176.832
186.56
184.384
185.024
183.936
183.2
182.656
184.608
184.576
185.216
182.112
184.448
185.088
183.584
183.872
184.32
182.368
182.912
183.872
