71.264
16.064
13.024
13.184
13.28
13.984
13.664
12.512
14.336
13.472
14.304
13.472
12.832
13.568
14.144
12.32
12.896
12.352
14.144
13.504
13.152
12.544
13.056
12.512
14.272
13.408
14.048
14.272
13.632
12.672
12.288
25.92
14.176
12.416
13.056
13.728
12.288
13.28
13.12
12.384
12.992
12.288
12.832
12.928
12.32
13.12
13.088
13.76
12.736
13.824
12.96
12.512
14.016
12.48
13.888
12.512
12.736
13.728
12.64
13.792
14.048
12.672
13.44
13.088
12.288
12.608
13.664
14.208
14.08
12.576
13.696
13.248
12.608
13.696
14.304
12.544
13.984
14.176
12.832
13.792
13.536
13.184
13.568
12.832
12.608
14.24
12.576
13.92
13.184
12.416
14.144
12.8
13.088
13.408
14.304
12.352
13.792
13.056
14.336
12.768
14.016
13.024
13.408
12.96
14.048
12.832
14.24
12.448
14.176
12.864
13.472
12.384
13.632
13.28
12.448
13.056
12.288
14.176
12.448
13.984
13.792
13.024
13.888
12.992
13.504
12.896
12.288
12.896
13.696
38.912
14.048
12.544
13.92
13.184
12.8
12.288
13.824
13.12
12.8
14.336
12.416
13.824
12.512
14.08
13.088
12.288
12.288
14.336
12.288
13.92
12.608
13.376
13.088
12.288
13.888
12.736
13.888
13.12
12.64
13.152
14.144
12.576
13.984
12.608
14.112
13.024
12.8
12.352
13.792
12.704
13.792
12.8
13.632
12.992
13.504
13.952
13.152
12.736
12.288
13.056
13.632
12.832
13.664
13.12
12.32
14.08
12.864
13.824
13.184
12.384
13.056
12.48
13.824
12.736
14.304
12.288
14.08
13.152
13.568
12.736
13.536
13.088
12.448
14.272
12.768
12.608
12.384
14.048
12.48
14.144
12.512
13.92
12.704
13.344
13.6
14.144
12.352
14.336
13.344
13.568
12.864
12.288
12.704
12.288
13.472
12.672
13.472
12.288
13.824
13.088
12.576
12.64
13.344
12.832
12.896
12.8
13.76
13.664
12.768
12.512
12.288
13.504
12.288
12.736
12.832
13.376
12.48
12.768
13.76
12.352
12.288
13.536
12.896
12.288
13.408
12.288
13.44
13.088
12.384
13.664
12.672
12.8
13.568
12.864
12.288
12.736
12.8
12.864
13.536
13.504
12.672
12.288
30.368
12.32
12.992
13.92
13.792
13.376
13.024
12.448
13.056
12.384
12.896
13.536
13.024
12.48
14.144
12.64
13.632
13.056
14.304
13.536
12.8
13.856
12.832
12.8
14.336
14.208
12.288
12.736
13.696
12.8
14.08
12.928
13.792
12.64
13.184
13.568
12.512
13.248
13.92
12.608
14.048
13.344
13.568
12.768
13.12
13.664
12.864
13.696
12.864
13.952
13.312
13.312
14.336
13.344
13.056
13.728
12.64
14.016
13.536
12.96
14.272
14.016
12.992
14.208
12.384
14.176
12.448
14.112
13.344
14.24
13.696
13.728
12.896
13.216
12.384
12.992
13.664
12.864
12.608
12.288
13.216
12.864
13.504
12.96
13.28
14.336
12.352
12.704
12.352
14.336
12.576
13.888
13.984
12.672
13.248
13.792
12.992
13.856
12.8
14.144
13.44
12.864
13.76
12.896
14.208
13.44
12.896
14.176
13.696
12.832
13.056
13.6
12.832
13.344
12.864
14.112
14.016
12.768
13.056
14.336
13.376
12.8
14.112
13.984
13.024
14.016
13.6
13.12
13.92
12.8
14.304
13.568
12.64
13.952
12.864
14.24
13.504
13.12
13.92
13.024
14.24
12.416
13.28
14.176
13.632
12.864
14.08
12.576
12.896
13.92
13.536
13.024
13.44
14.304
12.288
12.96
13.824
13.664
12.704
13.216
12.448
12.416
14.272
13.536
13.152
13.696
13.056
13.376
13.152
13.472
14.336
12.544
13.888
13.6
12.672
13.92
13.92
12.64
13.856
13.856
12.576
14.112
13.344
14.336
13.536
12.672
13.888
12.768
12.768
14.144
13.44
13.28
13.376
12.576
14.016
12.672
13.92
13.536
12.8
12.832
13.728
12.32
12.928
13.504
13.312
13.888
12.64
13.664
13.088
13.312
12.8
14.016
13.568
14.336
13.792
12.608
13.28
13.696
12.96
13.664
12.8
13.056
13.504
13.088
13.92
12.736
13.312
13.632
13.28
13.824
13.12
13.184
13.696
13.056
12.288
13.216
13.792
12.512
12.864
45.056
13.728
13.088
13.664
12.576
13.216
13.664
12.864
13.824
13.12
12.288
19.392
14.048
13.792
12.736
13.248
13.44
13.248
12.352
13.248
13.472
14.112
12.288
13.888
12.576
12.288
12.288
19.936
12.896
14.208
12.928
12.992
12.384
12.992
14.016
13.728
12.96
14.24
12.288
12.928
13.952
12.576
13.056
13.568
12.608
13.024
14.048
12.576
14.336
12.672
12.288
13.12
13.824
12.288
14.336
12.576
13.024
13.44
13.024
13.632
13.184
13.632
12.512
14.336
13.824
12.64
14.272
12.32
13.92
14.176
13.536
13.088
14.24
12.32
12.928
13.632
13.28
13.152
13.824
12.48
13.248
12.288
13.184
13.728
12.448
13.248
13.792
14.336
13.696
12.288
12.96
14.304
13.952
12.384
13.376
13.248
13.952
12.544
12.48
14.336
14.208
12.288
12.928
13.856
12.48
12.896
14.336
12.32
12.928
12.576
13.024
13.568
12.928
14.24
12.576
14.272
13.376
12.8
14.336
13.376
12.992
14.272
13.376
14.304
13.92
13.728
12.928
14.336
14.336
13.632
13.088
14.208
13.856
12.832
13.088
14.144
13.76
12.672
13.888
12.32
13.056
14.336
13.728
12.992
13.152
12.32
12.64
14.24
14.24
12.896
13.408
14.048
13.696
13.568
12.896
13.792
13.504
14.336
12.448
13.248
13.632
12.672
14.048
14.336
14.336
13.376
13.088
13.824
12.896
13.6
13.536
12.768
13.888
13.568
12.8
12.96
13.888
12.672
13.248
14.304
13.792
12.448
13.952
12.48
13.952
12.512
13.216
13.536
12.96
13.728
13.632
14.08
12.512
14.272
13.728
12.992
13.856
12.704
13.152
13.376
12.832
14.336
13.184
12.384
14.336
13.952
12.416
12.928
14.336
14.112
12.352
13.088
13.888
12.288
13.088
13.984
12.704
13.664
13.856
12.704
13.952
12.736
12.928
14.08
12.448
13.312
14.112
12.352
14.336
13.6
12.992
13.312
12.928
14.336
13.824
13.408
13.632
12.64
14.336
13.76
13.44
12.96
14.176
13.792
12.576
14.016
13.632
13.728
12.832
13.632
12.704
12.704
14.176
13.344
12.864
14.112
12.448
13.184
14.24
13.952
12.448
13.024
14.336
13.6
12.832
13.92
12.288
14.016
13.504
12.352
12.992
14.144
13.152
13.824
12.864
13.632
12.896
13.312
14.272
12.32
12.864
13.056
14.176
13.632
12.96
14.336
12.288
12.64
14.336
13.472
14.24
13.504
12.352
13.152
12.48
13.088
13.632
12.992
14.112
12.608
14.304
12.864
14.112
13.824
12.736
13.824
12.608
13.088
13.632
12.864
14.08
12.672
14.112
12.64
12.64
14.336
13.856
12.64
12.928
13.024
13.888
12.512
12.896
14.016
13.44
12.8
14.144
13.792
12.576
13.088
14.336
13.408
12.864
13.664
13.824
12.896
14.272
13.664
12.864
12.288
12.704
14.304
13.408
12.832
14.336
13.472
12.608
14.144
13.632
12.416
12.736
14.048
13.568
12.576
13.312
13.984
12.64
12.48
14.336
14.336
13.6
12.832
14.336
13.536
12.736
13.216
13.472
12.96
13.568
12.736
13.728
12.384
12.384
12.608
14.048
13.504
12.416
12.736
14.208
28.672
12.448
12.832
14.048
13.376
14.336
12.416
12.768
12.288
14.304
13.536
13.952
13.824
12.864
12.864
13.792
12.384
14.176
13.856
12.768
13.024
12.32
13.024
14.336
14.336
12.288
12.288
13.216
14.112
12.48
13.728
12.672
14.048
13.6
12.992
14.048
12.384
13.28
12.512
12.768
14.048
13.44
12.96
13.824
13.664
13.024
13.92
13.728
12.512
12.896
12.896
12.672
14.144
13.44
12.672
14.336
13.408
13.152
13.92
13.088
13.408
13.12
13.664
12.896
14.016
13.312
13.312
13.632
12.8
13.6
13.408
12.832
13.056
12.288
12.672
13.824
14.336
13.44
12.832
12.736
14.016
13.632
12.992
14.112
13.376
12.512
16.384
14.336
18.4
12.416
12.832
13.888
12.48
14.016
14.016
12.416
12.864
13.984
13.408
13.12
14.048
13.344
13.152
14.272
12.288
16.384
21.728
12.896
12.8
12.512
