65.536
12.928
10.24
4.768
10.24
10.24
9.088
10.24
10.24
10.208
10.24
10.24
10.24
10.24
9.856
9.728
10.624
8.672
9.408
10.24
9.536
10.208
9.632
10.24
9.6
8.672
10.24
9.568
10.176
8.32
9.632
9.632
10.08
8.416
9.536
9.856
9.088
9.408
9.792
10.144
10.272
10.112
9.792
8.64
10.24
10.24
10.112
10.048
10.112
9.824
9.824
8.832
10.24
8.896
10.24
9.792
10.144
10.24
9.952
8.768
10.144
10.176
10.24
10.24
9.856
9.888
10.24
10.24
10.272
9.856
10.24
10.24
9.824
9.152
9.76
8.864
10.144
9.76
8.928
10.24
9.92
8.704
10.24
10.016
10.016
10.112
14.592
20.736
10.24
10.048
9.984
9.184
10.144
10.24
10.048
8.768
10.24
10.112
9.792
8.736
10.24
9.984
10.336
9.856
10.24
10.24
9.76
10.24
9.984
10.24
10.24
10.24
10.24
9.92
10.304
8.96
10.208
9.728
9.152
10.24
10.048
9.792
10.24
9.184
10.08
9.088
10.24
9.76
10.24
10.112
9.792
9.088
10.048
10.24
9.984
9.728
10.24
10.24
10.24
9.056
10.176
9.632
8.992
10.24
9.856
10.24
10.24
10.24
9.216
10.208
9.888
8.928
9.92
9.76
10.048
8.864
10.176
9.888
9.184
9.408
10.24
10.144
9.952
9.664
10.24
10.24
10.08
10.016
9.824
8.992
9.984
8.896
10.144
9.92
9.472
9.216
9.76
10.24
10.24
10.24
10.304
9.728
9.152
10.24
9.92
9.76
10.112
8.896
10.176
9.728
10.24
9.92
9.856
10.24
10.24
9.888
10.176
10.24
10.208
9.664
8.864
10.016
10.208
10.24
10.24
9.824
10.24
9.92
9.12
9.632
9.216
10.24
10.016
9.92
10.24
10.112
9.984
10.144
10.176
9.728
10.24
10.176
10.24
10.112
8.928
10.24
18.08
10.176
10.24
10.208
10.4
10.24
10.24
9.952
10.176
10.24
9.92
8.864
10.24
9.984
9.024
10.144
10.016
10.208
9.92
10.24
10.24
9.92
10.144
9.12
10.24
10.176
10.048
10.336
10.24
10.08
8.832
10.24
10.08
10.016
10.112
9.216
10.24
9.888
10.24
9.984
9.056
10.24
9.856
10.24
9.888
10.112
10.112
11.36
10.24
10.24
9.92
9.152
9.792
10.24
9.152
10.24
10.08
10.464
10.24
10.24
9.984
9.12
10.24
9.952
9.856
10.208
10.24
9.952
9.92
10.24
10.24
10.176
10.144
9.12
10.24
10.24
9.984
8.928
10.208
9.92
8.896
10.24
9.952
10.08
8.96
10.24
10.24
10.24
10.016
10.24
9.92
9.728
10.24
10.016
10.24
10.24
10.24
9.728
9.088
10.24
9.824
9.216
9.824
9.024
10.24
10.24
9.952
9.728
9.184
9.888
10.24
10.08
9.856
10.24
10.016
9.76
10.24
16.512
10.08
9.888
10.24
10.176
9.856
10.24
10.24
10.24
10.048
10.24
10.24
9.792
9.184
9.92
10.24
10.24
10.048
9.888
10.24
10.24
9.568
9.792
10.24
10.112
10.016
8.704
10.24
9.824
9.056
9.984
10.24
10.208
9.76
10.24
10.24
9.792
10.24
9.952
10.24
10.24
10.24
10.24
9.888
9.024
10.24
10.208
10.144
9.984
8.8
10.112
10.144
9.792
10.24
10.24
10.24
10.24
9.856
9.92
10.176
9.888
10.24
9.216
10.24
9.952
10.24
10.144
10.24
9.856
9.216
9.952
10.304
9.696
9.728
10.24
10.24
10.24
10.24
10.016
10.24
9.92
9.92
10.24
10.08
9.984
9.056
9.696
9.184
9.824
10.24
10.24
10.112
8.8
10.24
10.208
9.792
10.24
10.24
9.888
9.184
9.792
10.048
9.824
8.928
10.208
10.304
10.176
10.24
10.176
9.984
10.24
9.952
10.24
10.24
9.92
10.304
10.24
15.424
10.016
9.856
8.896
10.24
8.736
10.24
10.24
10.176
9.76
4.832
9.696
10.24
10.24
10.24
10.016
9.024
10.24
9.792
8.992
10.24
10.144
9.984
12.8
10.368
9.728
9.088
10.24
9.888
10.048
9.792
10.24
10.24
10.24
9.888
8.96
10.176
9.792
9.824
9.472
10.24
9.792
10.24
9.984
10.016
8.832
10.24
10.24
10.24
9.792
9.728
10.24
10.144
9.984
9.056
10.24
9.792
8.736
10.24
9.888
10.24
10.24
9.856
8.928
10.176
10.24
9.76
9.728
9.152
10.048
10.112
8.992
10.08
9.92
10.24
9.856
10.24
9.888
10.016
10.24
9.888
9.024
9.856
8.864
10.24
9.152
10.048
9.824
10.24
10.144
9.728
10.24
10.24
10.048
10.24
10.24
9.696
8.864
10.24
10.112
10.272
9.088
10.24
9.888
10.24
10.112
9.888
10.24
10.24
9.76
10.24
9.824
10.24
10.24
9.76
10.24
10.176
10.176
9.664
10.24
10.176
9.856
10.016
10.24
10.144
10.24
9.952
9.088
9.888
10.24
10.208
9.984
10.24
10.24
10.144
10.112
9.952
9.824
10.24
10.08
9.824
10.24
10.144
9.728
10.24
10.176
9.76
10.24
10.24
10.24
8.928
10.24
10.304
9.856
9.088
10.112
9.952
9.184
10.24
10.24
10.24
10.24
9.76
9.056
10.24
10.24
10.176
9.728
10.24
10.24
9.792
8.992
10.24
10.08
10.048
8.992
10.112
10.144
9.952
9.952
10.24
9.76
9.184
10.24
9.984
9.088
10.24
10.24
10.24
9.984
10.24
10.048
9.76
10.24
9.888
10.24
10.048
8.832
10.24
10.08
10.048
10.272
10.24
9.888
8.8
10.24
10.016
8.992
10.144
10.08
9.728
10.208
10.24
10.24
10.24
9.888
10.24
9.952
10.24
10.24
9.728
9.152
10.24
10.24
10.176
9.76
10.24
10.016
9.76
10.24
10.24
9.76
10.24
10.112
10.24
10.24
8.704
8.896
9.12
9.728
8.192
8.576
8.96
8.768
9.792
10.24
9.536
10.24
9.824
9.984
10.24
8.416
9.472
9.12
10.016
9.76
9.728
10.24
10.24
10.112
9.856
8.768
10.24
9.888
10.208
10.24
10.24
10.112
9.92
9.824
10.24
9.664
10.24
9.984
9.792
9.92
9.824
10.24
9.824
9.888
10.24
10.24
10.24
10.24
9.728
10.24
10.24
10.24
10.144
9.952
10.24
10.24
10.144
9.792
8.96
10.24
10.016
10.24
10.176
8.896
10.208
10.24
10.016
10.016
10.08
10.24
10.176
9.728
9.12
9.792
9.12
9.792
8.704
10.24
10.24
10.24
8.768
10.24
8.928
10.208
9.92
9.184
10.016
9.888
10.24
9.888
9.024
10.112
10.24
10.24
9.888
10.24
8.864
8.544
9.6
9.664
10.24
9.44
10.016
9.12
9.696
9.632
8.768
9.568
9.184
8.544
9.664
10.24
8.672
9.44
10.24
10.08
8.96
9.024
9.536
9.824
10.08
8.672
9.888
8.768
9.44
10.24
9.536
9.952
9.056
9.408
9.536
9.984
10.24
8.576
10.048
8.576
10.048
9.952
10.048
9.92
9.952
10.24
9.76
8.832
9.728
10.24
8.736
9.472
10.112
9.056
8.256
9.568
9.76
10.176
8.864
9.632
10.24
9.728
10.24
9.472
9.696
9.152
8.672
10.24
8.736
9.824
9.888
10.24
10.176
8.704
9.568
10.24
9.536
9.696
9.984
10.24
8.544
10.24
8.64
9.632
10.24
8.736
9.536
9.856
9.184
8.608
9.856
10.112
8.896
8.576
9.632
8.576
10.24
9.792
9.024
8.192
9.152
9.472
10.24
9.44
9.632
9.152
8.896
8.928
9.472
9.536
10.048
9.152
8.384
9.952
10.24
8.864
9.6
9.952
10.24
9.376
9.952
13.248
9.632
10.24
9.6
10.016
9.952
10.24
9.888
10.24
8.768
8.48
9.632
9.216
9.024
8.736
9.6
9.792
9.152
8.736
10.24
10.24
9.76
10.016
8.928
9.376
12.16
8.992
9.504
9.984
8.736
9.504
9.888
9.152
8.928
8.576
9.504
9.056
6.144
9.216
8.416
10.208
8.96
8.512
9.696
10.048
8.8
9.6
10.144
9.504
9.792
9.728
10.24
9.504
10.176
8.896
8.384
9.952
10.24
24.576
9.984
9.056
10.24
10.24
10.08
10.016
10.08
9.216
10.24
10.112
9.888
10.24
10.08
9.888
10.24
10.304
9.888
10.24
9.952
8.864
10.24
10.24
9.92
10.24
9.6
10.24
10.24
10.048
