75.552
13.984
12.224
11.84
11.392
10.656
10.464
11.072
10.496
11.616
11.84
10.24
10.912
10.752
12.128
11.648
10.528
11.04
11.424
10.304
10.816
11.68
11.744
10.24
11.52
15.136
10.496
11.008
12.224
11.584
11.648
10.272
11.936
10.24
10.784
11.712
10.24
11.168
11.616
10.24
11.744
11.776
11.296
11.136
11.616
10.24
11.136
10.976
10.72
11.52
10.4
10.624
11.456
10.752
14.688
10.464
10.624
10.912
11.648
10.592
11.36
10.24
10.752
10.24
10.752
10.656
10.72
11.744
10.688
11.936
10.56
10.848
10.304
10.816
12.288
11.328
10.912
11.808
10.496
11.712
11.936
10.624
11.744
15.488
12.128
11.456
12.224
6.24
11.456
10.624
10.496
10.24
10.24
12
10.88
10.592
10.24
10.752
10.752
10.304
10.24
11.872
10.784
10.912
10.24
11.616
11.808
10.688
10.624
11.552
11.264
10.784
10.752
12
10.816
10.432
11.488
10.528
10.304
10.784
11.52
10.816
10.688
10.304
12
10.368
10.24
11.552
10.912
10.24
11.296
10.72
10.24
26.624
11.232
12
12
10.88
11.68
11.872
10.368
10.336
10.848
12.096
10.4
11.808
10.4
11.616
10.88
11.968
10.336
11.008
10.56
11.904
12.256
10.24
12.288
11.872
10.4
10.816
10.336
10.688
10.912
11.872
11.296
11.36
11.328
10.976
11.392
10.624
12.288
11.84
11.328
10.432
11.072
12.16
11.392
10.656
12.096
11.712
10.56
12.128
10.336
10.912
11.36
10.912
11.616
11.072
11.744
12.096
11.424
11.168
12.288
10.24
10.912
10.88
11.36
12.288
11.296
11.68
11.68
10.368
11.968
11.264
10.56
10.912
11.712
10.72
10.464
10.24
10.464
10.848
11.936
11.264
10.848
11.808
11.072
11.296
10.56
11.04
10.24
11.584
11.424
10.528
10.848
11.584
10.656
11.168
11.232
11.168
10.72
10.688
10.24
10.24
10.72
10.4
11.008
10.688
12.224
10.816
10.688
10.816
10.72
10.368
11.616
11.424
11.68
11.808
10.72
10.4
10.24
10.336
11.424
10.24
10.304
10.464
10.624
14.08
10.432
10.4
10.272
11.424
11.584
11.712
10.464
10.4
10.496
10.24
11.904
11.424
11.36
10.24
11.456
11.168
10.656
10.752
10.816
10.24
11.488
10.304
11.328
11.296
10.88
10.72
10.688
10.688
10.24
11.584
28.16
10.272
10.72
12.096
10.24
10.72
11.584
10.976
10.432
10.432
11.168
10.272
11.584
10.848
11.616
10.88
11.52
11.008
10.304
11.968
10.56
10.944
10.336
11.648
11.712
11.008
10.24
11.2
16.384
12.288
11.68
10.528
10.656
12.096
11.296
10.976
10.624
11.936
10.56
10.816
11.968
10.752
11.488
10.592
10.24
11.392
10.72
11.936
10.592
11.104
11.936
11.328
10.976
11.776
10.976
10.88
10.848
16.64
10.912
11.36
10.624
11.584
10.912
12
10.528
10.304
12.192
11.744
10.24
11.136
11.392
11.072
10.912
10.72
10.56
10.24
10.624
12
10.432
10.912
10.912
16.288
14.336
10.816
12.064
10.4
12.032
12.288
11.456
11.2
12.256
12.192
12.288
11.264
12.288
12.224
11.488
12
10.752
11.904
11.52
11.168
11.872
10.24
10.912
12
10.496
11.936
11.488
10.304
11.072
11.84
11.872
12.288
12.288
11.168
10.656
10.976
11.712
11.616
11.584
10.816
11.52
11.008
11.552
11.2
11.36
10.88
11.616
11.072
11.296
10.976
14.336
14.336
11.232
10.24
12.096
11.968
10.24
10.368
11.136
11.36
11.904
10.688
10.784
12.128
10.496
11.584
11.648
11.584
10.528
10.688
10.4
12.128
12.032
11.648
11.04
11.808
12.288
10.752
11.296
10.784
10.944
11.424
11.68
10.88
12.288
11.712
10.4
11.584
12.544
11.136
15.104
11.968
11.296
12.288
11.04
11.136
10.432
11.072
10.848
11.008
11.712
11.36
11.616
10.496
11.136
10.624
12.288
10.656
11.744
10.688
10.848
14.272
10.24
11.808
10.24
12.288
11.488
10.272
10.24
10.784
11.904
11.136
12.256
11.456
11.136
11.36
11.616
11.52
10.976
11.776
11.744
10.4
13.984
11.424
11.84
10.656
11.136
12
10.688
11.968
10.592
12.192
12.064
11.296
11.04
12.128
10.496
10.272
12.064
11.776
10.464
11.904
10.976
11.776
10.72
11.872
10.912
12.256
10.24
12.16
11.776
11.84
11.968
11.232
11.904
10.336
11.264
11.648
10.72
12.032
12
11.52
12
12.16
11.424
10.464
11.04
11.904
10.592
10.816
10.72
10.752
10.752
10.592
11.68
11.296
11.296
11.424
11.808
10.944
10.656
10.912
11.616
10.848
12.096
11.424
11.552
10.784
10.432
10.592
11.232
12.288
11.872
11.904
12.128
14.336
11.584
10.624
11.712
11.904
10.592
11.712
10.688
11.616
10.784
11.008
11.584
11.552
10.848
11.456
11.744
10.752
11.616
10.24
12.032
12.064
11.36
11.008
11.616
10.528
11.968
11.392
10.784
11.488
12.8
11.52
10.656
10.24
11.392
11.456
10.656
11.616
11.52
10.72
10.656
10.24
10.24
10.848
10.848
10.592
10.272
10.464
11.424
11.776
10.784
10.656
10.752
11.776
10.656
11.808
10.368
11.712
11.488
10.848
10.88
10.912
10.24
11.104
10.848
10.432
10.368
27.648
10.816
11.488
11.232
11.584
10.304
11.104
11.712
10.624
11.136
11.712
10.752
11.168
11.84
10.72
11.328
11.104
11.168
11.968
11.392
11.232
11.904
11.04
11.424
10.528
10.528
12.128
10.752
12.288
10.272
11.04
11.424
12.128
10.592
11.936
10.528
10.336
6.144
11.52
11.424
10.912
12.224
11.936
11.904
10.816
11.648
10.624
11.872
11.328
10.912
11.04
11.552
10.336
11.968
10.784
10.624
11.168
11.68
10.944
12.288
10.24
11.808
10.72
10.368
12
11.2
11.84
11.712
10.88
12.256
10.24
11.872
11.264
11.072
11.584
10.336
10.976
12.288
11.328
11.008
12.064
10.496
11.2
11.136
11.616
12.288
11.264
11.648
10.592
12
10.368
10.496
12.288
11.328
11.296
11.552
10.816
10.592
10.944
11.648
10.24
11.776
11.648
11.616
11.392
11.072
11.552
10.592
11.264
22.528
11.552
10.912
10.272
10.432
10.304
10.24
10.624
10.688
10.304
10.24
11.328
12.064
11.712
10.88
10.528
10.944
10.656
10.72
10.432
10.24
11.552
12.192
10.752
10.368
10.304
11.008
10.4
10.24
11.168
10.496
10.464
11.36
10.656
10.24
10.24
10.24
11.168
10.752
10.24
10.24
11.808
10.752
10.496
10.432
11.328
11.68
11.808
10.272
11.776
10.656
11.008
11.328
10.88
10.24
11.776
10.432
10.4
10.24
12.064
10.24
10.24
11.488
10.72
10.72
10.496
11.392
11.648
11.456
10.944
11.072
10.368
10.304
10.24
11.808
10.784
10.432
10.528
10.336
10.24
10.24
11.616
10.624
10.752
11.328
10.752
10.24
11.648
11.744
12.288
10.432
10.24
10.24
12.16
10.784
10.72
10.24
11.008
10.848
10.752
10.72
10.816
10.336
10.24
10.24
10.976
10.496
10.752
10.752
11.616
10.848
10.464
10.56
10.24
11.68
11.968
10.688
10.752
11.552
10.368
10.24
11.584
10.816
11.04
10.368
10.24
10.24
11.744
10.784
10.88
10.432
11.264
11.584
11.04
10.72
10.592
11.424
10.816
10.688
10.752
11.264
11.456
11.776
11.04
11.552
11.808
10.848
10.816
10.592
11.936
10.816
10.816
10.24
12.16
10.816
10.72
10.592
10.592
11.36
11.936
10.752
10.752
10.24
10.24
11.552
11.008
10.304
10.304
10.336
10.336
10.848
10.496
10.592
10.24
10.24
11.616
11.424
11.904
10.976
11.552
10.784
11.168
10.496
10.336
10.944
10.56
10.496
10.24
12.032
10.592
27.296
12.064
11.552
10.4
11.744
11.584
12.224
11.328
11.968
10.24
10.944
11.456
10.944
11.456
10.816
11.84
11.328
10.592
11.328
10.656
10.464
12.096
11.296
10.656
12.16
11.136
11.328
11.04
11.392
10.4
11.168
11.456
10.528
10.752
10.816
11.712
10.848
12.192
10.24
11.52
10.432
10.304
10.656
11.744
10.752
12.16
11.36
12.096
11.904
10.752
10.784
10.72
10.976
10.368
10.24
10.24
11.744
10.784
11.36
11.68
