242.528
182.56
180.224
179.232
179.68
179.36
178.272
179.424
178.176
179.424
178.656
180.224
178.208
178.496
179.52
179.36
179.712
178.784
178.176
178.176
179.776
179.584
178.688
179.2
180.224
178.656
180.576
180.224
179.52
178.176
179.552
179.84
179.52
179.712
179.296
179.008
179.168
180.224
178.912
178.208
178.88
178.944
178.176
180.192
180.224
179.104
178.816
178.176
178.176
178.592
179.648
178.176
179.36
176.128
180.224
178.624
179.04
179.488
178.816
178.88
179.04
180.224
179.392
179.872
179.744
179.008
180.224
178.848
179.264
179.552
178.176
178.304
178.304
178.464
179.84
179.584
179.712
178.848
178.368
179.136
180.224
178.848
179.936
179.168
178.784
180.224
178.176
179.136
178.464
178.688
178.112
179.008
180.224
180.224
177.12
180
180.224
177.792
178.176
179.2
176.736
178.816
178.176
178.688
179.488
179.584
180.224
179.04
178.56
178.496
179.552
178.176
179.328
182.272
179.264
179.84
181.952
178.176
178.624
182.272
180.224
180
183.328
179.36
178.4
182.56
179.456
180.16
186.368
178.4
178.944
179.584
178.176
179.424
185.76
178.464
179.2
178.24
178.176
178.176
178.016
179.552
178.304
179.232
178.944
178.848
179.584
178.592
178.176
182.112
179.296
177.824
179.744
179.68
178.176
178.656
179.072
180.224
178.848
180.224
179.84
179.328
178.752
177.536
180.16
178.176
179.392
178.528
178.176
177.792
178.176
178.208
178.176
180.224
178.784
179.008
180.224
180.224
179.872
178.176
178.976
178.592
178.528
179.52
179.616
178.112
179.104
178.176
179.424
178.176
181.408
178.624
180.128
177.952
178.272
178.784
179.936
180.16
178.208
179.008
179.808
179.648
179.2
178.304
178.176
179.68
179.168
179.808
178.624
179.904
180
179.84
178.4
180.416
178.56
180.672
179.808
180.224
178.72
179.04
180.224
179.936
178.368
178.592
178.432
179.584
178.4
178.176
186.24
179.04
179.808
179.552
180.16
178.496
179.904
179.744
180.224
180.224
179.296
178.464
180.224
178.528
179.68
180.256
176.928
179.904
178.688
179.488
178.72
178.208
179.488
178.176
179.232
179.552
178.272
180.224
178.176
179.328
179.936
179.744
178.496
180.224
179.808
178.784
180.16
180.224
179.328
178.816
178.496
178.72
178.464
178.72
179.936
179.808
178.176
179.296
178.464
180.064
178.176
178.56
178.272
178.336
179.008
178.176
178.176
179.872
178.72
178.496
186.368
179.552
180.032
178.176
180.224
178.176
179.136
178.72
180
178.56
178.624
178.56
180.224
178.88
177.984
178.816
179.712
179.296
180.224
180.256
179.52
180.224
179.616
177.088
178.432
179.84
178.176
179.744
179.872
179.008
178.176
178.176
179.776
178.176
178.176
179.84
180.224
178.176
179.616
178.208
179.712
178.368
178.912
177.92
178.176
178.528
180
180.224
178.176
178.496
183.808
180.8
181.92
188.416
186.368
182.272
182.272
179.744
179.2
179.424
179.904
178.848
185.312
178.176
178.432
178.176
179.264
180
178.368
179.776
178.784
178.176
180.224
178.176
178.4
179.424
178.176
178.624
178.496
178.56
178.176
178.336
178.464
178.336
178.56
178.272
184.32
178.464
178.304
178.72
179.296
178.656
181.376
178.176
178.176
178.24
180.224
178.624
179.04
178.176
180.032
180.192
179.168
178.656
178.176
179.264
179.744
178.176
178.656
178.496
179.04
177.728
179.456
178.176
179.744
178.336
178.592
181.248
179.872
178.176
178.176
179.648
178.336
180.224
178.24
180
178.176
180.864
180.192
181.44
178.592
179.776
178.688
178.08
180.224
179.264
177.92
180
178.176
177.952
179.04
179.584
179.68
178.528
178.464
179.072
179.232
179.808
178.944
179.04
178.464
178.176
179.36
179.616
179.488
179.84
180.256
178.176
179.392
178.176
179.584
178.432
180.224
178.4
179.744
178.176
179.872
180.224
178.432
178.976
178.176
178.752
179.296
178.976
178.944
178.048
180.288
179.68
178.624
178.816
179.136
178.336
178.304
179.392
179.296
178.432
180.224
178.56
178.336
186.752
178.208
179.776
178.784
180.224
179.968
177.76
178.176
179.616
179.84
178.176
178.56
178.944
180.128
178.304
179.872
178.176
174.336
174.144
173.472
174.08
174.336
173.056
172.672
173.472
174.08
173.824
173.984
174.08
174.016
174.08
172.64
174.016
172.544
172.704
173.952
173.376
174.08
173.44
173.76
172.544
174.08
172.768
173.504
174.08
173.824
174.176
172.096
173.216
174.08
174.08
173.792
173.792
174.08
173.728
173.76
172.128
173.952
178.208
173.664
174.08
174.08
172.416
173.92
172.224
173.568
172.288
178.176
175.424
172.384
174.08
174.016
173.088
172.48
173.856
173.824
172.032
173.888
173.408
172.032
174.08
173.28
173.76
173.984
173.664
173.696
172.032
175.424
173.536
172.768
174.016
173.728
173.632
173.376
173.92
174.24
174.08
172.192
173.536
174.016
174.08
175.232
173.312
173.952
173.952
172.704
173.888
172.96
172.768
174.08
173.472
173.024
173.504
172.064
172.896
174.24
174.24
173.248
174.24
172.512
173.728
173.76
174.08
173.504
173.984
172.448
172.192
174.24
172.192
172.384
172.8
173.952
173.056
174.272
172.032
174.08
174.112
172.48
174.08
172.544
173.696
172.448
172.544
174.528
174.016
173.568
172.864
172.896
178.4
173.024
172.48
175.456
173.312
174.08
174.528
172.416
174.08
174.304
174.08
173.056
174.08
172.992
172.032
173.728
172.864
174.112
172.96
174.08
174.272
174.08
174.336
173.344
175.104
173.664
174.08
172.48
172.48
172.032
174.08
174.08
173.824
173.536
172.96
172.32
172.032
173.632
173.92
174.08
174.08
174.08
172.704
173.28
174.08
172.512
174.08
172.544
174.176
174.08
175.904
175.712
172.416
173.024
172.32
173.984
174.016
173.408
172.288
174.816
172.288
174.304
173.248
173.728
173.312
174.08
173.632
174.144
173.76
172.032
173.952
173.632
172.32
172.48
173.632
174.464
174.08
174.08
174.368
172.736
172.416
172.672
172.224
173.728
173.6
172.352
174.08
173.824
172.8
173.728
172.512
173.792
173.632
175.168
172.512
172.928
173.856
174.08
173.664
173.856
170.368
173.344
173.92
172.576
174.08
172.512
172.864
174.08
174.08
173.856
172.288
173.152
174.08
174.016
172.64
174.048
172.896
173.536
173.856
173.344
174.08
173.6
174.08
173.28
174.4
174.08
173.024
174.08
173.472
173.312
175.104
174.08
173.888
174.336
172.48
172.768
174.08
172.032
174.016
173.472
172.256
173.6
174.048
173.888
173.856
178.048
172.032
175.488
174.016
172.608
174.016
175.296
174.624
174.08
173.76
174.08
175.584
174.304
173.92
174.176
172.768
174.304
173.472
174.08
173.504
174.08
172.576
174.08
174.048
175.2
174.144
172.864
173.216
174.016
172.608
173.792
174.08
173.76
172.928
175.168
175.776
174.08
174.144
174.816
174.08
174.528
172.512
174.016
172.8
173.024
173.472
173.76
175.2
174.08
174.464
172.864
173.824
174.08
174.08
174.208
174.848
175.744
172.704
175.296
174.048
175.52
173.888
174.08
173.984
175.648
172.704
173.536
173.056
174.08
173.536
174.528
174.08
174.112
173.216
172.928
174.08
174.08
174.08
174.08
174.08
172.256
173.792
174.08
172.864
174.08
174.08
173.568
173.44
174.08
174.08
174.368
174.08
174.304
174.08
174.912
173.504
173.856
172.32
174.048
173.984
172.928
174.112
175.488
173.696
173.536
173.088
173.92
175.904
174.208
173.984
174.336
174.016
175.616
173.6
172
173.696
174.528
173.76
173.824
174.08
174.08
173.952
173.984
173.728
174.08
173.344
172.832
172.672
173.312
173.6
173.344
172.032
174.08
173.856
175.232
172.896
172.608
175.68
185.792
174.08
180.224
173.312
172.256
173.568
173.984
174.08
174.048
173.824
174.08
172.832
175.136
172.128
174.112
174.08
172.16
174.08
174.4
172.32
173.056
174.08
174.08
173.984
174.08
175.616
172.576
172.352
173.92
174.08
174.24
173.12
174.08
174.08
174.08
173.664
174.08
173.184
172.544
172.992
174.08
173.696
172.608
173.504
174.08
173.92
174.08
172.608
172.352
173.728
173.376
173.536
172.672
172.032
172.256
174.08
170.784
174.08
174.08
174.08
175.168
172.512
174.08
173.184
174.336
172.448
174.08
178.176
174.08
174.08
172.608
174.048
173.536
173.856
172.96
172.64
172.448
174.08
172.128
174.08
172.928
174.08
174.176
172.864
173.568
173.984
173.28
173.152
173.312
174.08
172.576
174.176
