698.048
624.672
621.76
622.688
630.688
624.832
622.88
632.192
629.568
630.848
623.2
621.664
622.368
623.648
622.336
622.912
627.968
630.304
630.656
623.552
624.608
623.36
630.944
630.176
628.224
628.736
626.848
629.504
624.288
624.416
621.248
627.648
629.728
625.408
629.6
626.752
622.976
630.368
629.6
629.824
632.256
628.224
629.28
627.776
629.856
628.032
628.32
623.04
629.536
631.776
627.872
629.664
631.2
630.08
627.2
629.28
628.448
628.448
629.76
629.024
629.216
630.688
629.376
630.144
629.12
630.784
623.232
623.456
628.384
627.904
631.392
628
623.328
630.752
630.432
626.112
628.736
630.688
630.208
631.008
628.576
630.688
630.4
632.32
630.336
621.184
629.152
626.752
631.456
629.056
630.08
630.464
621.76
631.232
626.816
630.24
632.896
630.24
630.784
626.496
629.888
629.856
624.736
630.144
630.784
629.984
628.448
622.08
628.544
630.912
626.688
626.784
627.808
629.952
628.448
622.912
622.592
622.272
623.392
625.152
622.752
623.296
622.336
624.96
622.688
622.016
627.392
622.208
629.536
628.992
627.68
631.36
631.616
631.872
625.728
624.576
630.048
622.688
623.168
623.712
630.72
631.136
622.048
622.688
629.568
629.536
630.784
631.392
628.448
630.784
623.136
629.632
629.28
623.84
629.44
631.36
630.272
628.064
622.368
631.232
627.552
629.216
627.52
630.144
629.088
624.8
629.216
622.752
630.464
631.136
624.288
629.248
628.896
631.616
622.88
628.128
627.904
630.368
630.656
628.928
627.2
628.256
631.616
629.6
625.888
630.176
623.808
629.216
630.304
629.632
627.552
622.688
628.704
629.632
623.264
623.648
629.536
624.128
622.272
623.008
623.872
629.6
634.272
631.008
623.424
623.2
628.864
622.016
630.944
632.8
623.584
630.912
621.312
630.144
630.464
630.592
621.728
622.624
622.528
627.872
625.664
629.536
630.4
630.816
621.824
629.504
621.856
631.808
628.032
631.008
632.224
630.624
621.984
628.608
629.504
630.368
629.472
623.648
628.672
629.472
629.44
629.376
623.232
623.648
623.168
628.992
622.464
628.864
627.328
628.928
628.448
632.32
630.72
623.552
629.504
629.568
631.936
629.856
628.736
622.24
624.032
623.488
630.496
624.128
625.568
630.784
630.464
632.32
627.904
623.744
628.736
629.248
621.952
626.72
631.264
622.752
629.696
631.136
629.152
635.104
630.304
629.088
630.144
631.456
629.344
622.976
620.032
620.864
618.592
613.888
614.624
614.88
619.168
612.928
618.848
612.608
620.32
618.56
613.216
612.64
621.376
619.68
619.488
619.936
621.376
619.52
619.712
620.096
612.672
611.808
613.888
620.928
619.936
619.84
611.232
620.8
617.728
612.896
611.968
611.936
620.576
619.968
618.176
620.992
619.552
612.416
613.088
618.944
619.904
614.464
612.576
618.048
613.088
617.984
612.672
619.296
613.952
613.888
612.896
613.344
619.2
621.056
612.064
618.816
611.392
618.656
621.056
620.096
612.064
613.248
618.688
611.904
619.488
617.12
619.904
619.392
613.536
613.536
612.128
616.864
622.816
634.56
614.08
620.896
619.584
619.808
613.952
618.816
621.216
611.904
618.432
620.096
618.88
612.576
620.992
618.848
621.632
610.72
620.64
613.12
613.92
619.136
612.512
621.472
614.208
611.744
612.544
613.28
618.688
618.656
613.376
619.04
621.312
619.52
612.96
613.248
620.736
613.44
612.32
619.424
614.464
619.296
612.512
614.336
618.56
618.976
617.952
620.384
619.168
617.92
620.864
618.848
614.72
621.824
612.48
614.56
620.448
620.352
617.984
618.528
617.76
611.712
612.64
612.96
618.08
617.408
611.584
614.848
619.424
619.872
611.04
619.2
618.176
612.576
621.088
618.848
620.096
620.448
618.176
619.104
620.256
610.656
612.672
617.696
618.752
619.424
617.984
618.784
613.44
612.064
613.76
617.76
618.88
618.4
613.6
620.48
613.184
618.208
616.64
611.84
620.192
621.056
613.92
612.864
620.608
613.248
611.936
613.952
618.112
617.728
623.104
613.856
620.672
617.696
618.08
613.28
613.984
619.648
618.592
619.488
621.856
612.448
618.816
619.488
617.536
618.912
619.072
618.72
613.184
617.12
619.68
613.728
620.128
618.496
613.248
620.992
619.584
613.152
621.312
622.336
620.064
613.152
618.848
619.168
616.992
612.672
619.424
617.024
614.08
613.28
611.68
613.408
613.088
618.144
613.248
618.912
621.536
620.032
613.632
620.736
611.776
621.472
612.128
617.888
613.376
618.72
618.24
612.704
618.336
613.28
612.192
620.16
613.12
620.704
612.96
613.856
613.248
619.392
613.024
619.168
621.44
620.864
610.976
619.328
619.424
620.448
619.744
619.072
617.44
619.264
630.528
617.888
619.808
620.384
621.504
621.28
620.48
620.416
613.728
619.2
619.136
621.152
611.904
620.096
613.376
612.576
612.896
618.496
618.688
618.72
621.792
620.448
625.632
617.568
620.448
619.584
621.248
611.52
614.368
611.968
618.624
618.784
621.312
620.928
617.888
618.912
612.576
620.224
618.304
611.84
611.648
612.704
620.896
619.008
618.752
613.44
613.248
612.864
613.76
612.928
611.52
613.184
614.208
612.704
613.088
622.944
613.568
620.608
618.784
612.864
615.52
612.224
613.76
613.504
614.144
618.688
616.512
617.248
620.448
618.656
611.904
621.024
619.552
620.736
611.36
612.672
612.704
612.16
620
612.32
610.592
612.672
611.84
619.296
619.072
618.176
618.368
617.632
618.944
619.008
619.84
619.904
618.496
616.64
618.976
618.752
612.352
619.04
621.12
619.392
611.584
613.024
613.76
615.104
612.224
615.616
612.448
620.896
618.656
621.216
620.48
613.088
619.328
619.232
620.128
620.096
621.408
617.152
613.376
612.896
617.952
620.224
612.128
621.056
618.592
619.136
612.96
612.224
612.512
611.168
612.704
614.4
613.568
612
614.912
614.08
612.352
612.48
613.44
612.768
614.528
616.384
612.992
613.344
612.288
612.256
611.68
613.504
613.344
612.032
614.912
617.024
612.672
614.624
612.64
612.544
611.968
614.528
613.44
611.008
611.936
614.304
612.608
613.952
618.528
618.688
611.264
612.544
620.384
614.08
613.952
619.968
620.544
619.904
618.784
613.824
619.712
618.944
621.824
621.024
618.688
612.96
610.688
612.256
614.752
618.336
612.928
618.272
613.088
611.488
612.704
611.936
621.024
619.296
613.056
620.032
612.544
619.104
620.224
620.32
612.864
613.248
621.504
620.832
619.52
613.44
611.424
619.328
610.592
614.528
619.552
619.648
620.128
620.864
619.328
619.424
612.16
612.896
620.16
617.728
612.352
617.76
612.48
617.76
613.216
620.64
620.608
619.616
612.16
612.128
619.04
620.672
619.808
614.112
612.96
613.088
613.024
619.872
617.6
613.984
611.008
613.12
613.6
619.2
613.472
619.488
614.976
613.856
613.088
620.544
618.784
610.56
613.184
621.504
613.568
619.168
613.568
619.616
621.856
619.296
619.616
618.88
612.832
618.176
620.608
618.528
613.248
613.376
618.56
618.048
619.232
620.16
618.56
620.544
614.08
613.504
611.392
619.808
618.784
611.2
615.168
611.36
612.576
612.416
613.184
613.184
612.96
619.872
612.928
612.768
611.264
611.808
612.736
612.992
622.848
612.16
619.648
611.84
612.64
616.448
689.824
611.936
611.84
613.44
613.088
611.136
612.544
616.16
612.512
611.68
617.856
621.152
612.672
612.512
619.776
620.736
619.136
620.48
621.824
618.944
619.808
612.416
611.488
621.248
619.392
612.736
610.336
618.496
620.032
623.072
613.76
612.544
619.104
613.728
611.104
612.224
612.096
611.136
613.152
611.648
613.856
614.368
614.176
612.672
610.816
613.088
612.672
614.112
611.744
612.416
613.344
611.872
611.264
619.328
619.648
614.336
613.28
617.6
619.36
619.552
620.704
613.344
613.344
621.792
619.712
621.44
619.36
610.592
619.936
619.456
620.416
613.632
611.264
620.16
619.168
612.224
619.424
613.504
620.064
620.064
621.536
618.016
618.944
618.784
615.072
619.2
614.08
612.512
617.728
618.656
618.848
618.624
618.176
612.928
619.744
612.576
612.672
612.64
619.648
618.944
611.904
617.472
614.048
617.856
619.296
616.672
612.512
620.832
617.952
617.792
620.288
613.12
620.16
618.752
613.184
612.576
619.52
620.416
618.176
619.616
618.528
618.656
612.832
620.032
619.36
619.104
612.288
620.512
611.776
618.336
619.904
619.392
611.808
619.584
612.064
619.744
617.984
621.184
619.936
619.136
612.096
611.584
619.36
612.832
614.56
620.544
611.872
617.472
618.464
620.288
