74.048
12.512
13.824
9.728
8.512
9.184
15.392
9.44
9.472
9.312
8.768
8.192
8.288
8.32
8.576
8.608
8.192
8.64
8.768
8.352
8.544
8.224
8.256
9.248
8.352
8.192
8.384
8.192
8.256
8.576
9.216
8.192
8.416
8.384
8.192
8.192
8.256
8.288
8.224
8.192
8.384
9.536
9.216
9.568
8.576
8.608
8.192
8.352
8.128
8.192
8.768
8.192
8.288
8.224
8.224
8.192
8.192
9.216
8.512
8.544
9.248
8.192
8.672
8.512
8.192
8.768
8.256
8.192
8.288
8.192
8.288
9.536
8.448
124.544
10.24
8.192
8.256
7.136
16.384
17.792
16.384
10.24
12.832
10.24
11.456
10.4
9.184
14.336
16.192
10.112
13.024
14.336
16.16
16.384
16.384
15.168
15.808
10.464
8.608
10.048
8.192
8.48
8.256
8.128
8.928
12.672
8.992
8.8
10.816
8.192
8.608
10.496
11.392
9.888
10.24
9.792
10.016
9.536
8.192
8.192
14.496
16.384
16.384
16.48
14.688
10.752
16.384
17.664
13.216
13.472
14.4
10.304
8.192
15.744
17.184
12.032
8.864
8.192
8.352
8.192
8.192
9.536
9.28
9.216
8.192
8.192
8.736
10.208
8.576
8.224
8.192
8.192
10.208
8.192
8.736
8.224
8.192
8.192
8.224
8.352
8.192
14.432
14.368
12.288
12.448
9.856
10.048
15.36
11.584
9.984
10.016
10.24
15.68
10.208
16.384
18.72
8.512
12.256
13.92
10.592
12.672
14.56
15.04
12.288
10.176
15.072
27.36
14.336
10.56
14.336
16.256
11.84
14.976
12.832
14.784
14.336
14.336
11.936
14.336
11.36
8.832
8.64
9.472
8.192
8.192
8.416
8.416
16.8
9.888
8.224
9.92
8.448
18.432
16.64
16.32
16.576
15.136
16.896
15.648
14.336
15.104
16.192
16.224
15.168
9.152
16.384
10.24
16.48
10.4
15.776
12.384
11.392
16.288
14.816
9.504
8.448
8.928
13.76
10.24
11.232
14.848
9.888
9.472
8.192
9.632
8.192
8.448
8.192
8.192
9.344
8.32
10.24
15.168
12.704
15.36
15.68
16.32
14.88
13.568
10.24
15.52
10.24
9.76
9.76
15.584
12.736
14.08
16.384
11.776
8.704
10.4
10.24
12.32
8.192
9.216
12.32
12.832
14.304
12.288
10.976
12.64
14.528
8.8
8.288
10.08
8.512
14.08
18.016
8.8
8.832
9.248
8.832
8.192
6.336
10.24
8.192
9.216
9.44
10.176
9.056
13.184
10.24
9.088
8.192
10.272
9.376
9.248
8.192
8.704
8.192
8.736
12.704
13.696
12.96
12.512
15.168
16.384
15.776
11.456
10.368
12.288
10.592
8.192
9.376
8.192
8.512
9.6
9.248
8.448
9.504
8.384
16
16.448
15.68
15.584
15.68
15.232
16.384
15.04
14.752
15.648
15.488
16.032
13.312
9.856
8.224
8.512
14.176
8.8
8.192
8.544
8.256
8.192
16.384
8.192
9.472
8.352
8.192
8.288
9.312
9.344
9.76
8.224
8.448
8.512
9.632
8.48
8.384
8.8
8.192
14.176
9.312
9.728
8.448
12.384
12.128
9.056
8.64
8.192
8.192
8.352
8.416
8.832
9.28
12.288
8.448
12.544
10.112
8.736
9.344
8.416
8.416
8.224
8.384
10.24
9.376
8.448
8.192
9.728
9.44
9.248
8.512
9.696
8.192
8.288
8.48
8.256
8.352
8.8
8.192
8.192
9.312
8.192
8.192
8.576
9.664
8.224
14.624
8.352
8.256
8.192
8.192
9.952
12.224
8.448
8.192
8.192
8.256
8.256
8.512
8.192
8.192
8.16
8.192
8.48
8.576
8.608
8.384
8.192
8.192
8.192
8.864
8.384
8.448
8.192
8.512
8.192
8.256
8.192
8.352
8.352
8.192
8.192
8.192
8.256
8.192
9.568
8.192
8.192
9.088
8.416
8.608
8.48
9.408
8.192
8.512
8.736
8.448
8.192
8.192
8.8
9.44
14.336
8.192
8.224
9.792
8.192
8.384
8.576
8.192
8.48
9.312
8.576
8.608
8.192
8.512
8.256
8.192
8.192
9.28
8.576
8.192
8.192
8.192
10.24
8.64
8.448
8.192
8.288
8.48
15.264
8.416
8.192
8.352
8.256
8.192
8.224
8.768
9.248
9.312
8.224
8.416
8.704
8.192
8.192
9.696
8.416
9.44
8.704
8.48
8.192
8.224
8.288
8.192
8.64
8.256
8.416
8.192
8.416
8.48
8.544
8.448
8.704
8.16
8.32
8.288
8.544
8.384
8.352
8.192
8.544
8.48
8.704
8.192
8.64
8.48
8.576
9.248
8.608
8.192
8.352
8.192
8.576
8.192
9.568
9.312
8.192
9.856
8.192
9.216
9.6
8.992
8.608
16.416
16.864
16.864
16.384
16.256
16.384
16.384
14.336
14.688
13.216
15.904
15.616
14.72
14.848
16.48
16.608
9.44
8.288
9.44
14.336
15.392
8.704
15.36
10.624
12.48
16.384
16.16
15.872
12.288
8.96
14.24
11.616
16.256
16.384
16.064
16.992
10.368
16.352
12
12.576
14.24
16.192
15.68
17.12
16.384
15.744
16.384
15.136
14.72
15.936
13.312
15.936
11.872
16.384
14.336
15.648
9.408
16.384
16.384
12.576
14.72
13.856
16.16
15.936
8.064
15.744
14.592
17.856
16.384
14.368
15.904
16.32
16.032
16.256
14.336
14.336
10.4
11.904
14.4
15.872
14.56
13.408
16.384
15.232
14.624
14.048
14.208
14.336
12.128
16.608
17.984
12.288
18.752
8.928
9.312
9.632
10.016
8.32
8.736
8.224
8.192
9.248
8.192
8.608
9.632
8.416
8.288
8.192
8.352
8.192
8.224
9.312
10.176
8.384
12.288
12.288
14.624
13.12
12.288
13.024
12.352
12.288
10.624
11.808
9.376
8.576
9.568
8.192
8.48
9.216
8.192
9.472
9.792
9.536
8.512
8.32
8.32
8.608
8.544
8.192
8.576
8.288
8.192
8.192
9.536
8.288
8.544
8.192
8.192
13.696
15.296
13.76
9.824
10.24
10.624
14.336
15.36
13.888
16.384
10.24
9.792
8.864
8.672
11.744
14.336
11.584
12.896
11.328
11.84
8.352
10.24
10.176
16
12.608
12.288
11.52
8.864
9.984
11.136
9.472
16.384
13.024
8.992
9.888
11.808
10.304
9.664
9.728
8.192
9.216
8.192
8.192
8.192
9.376
8.32
9.696
8.8
9.504
8.192
9.024
10.24
9.824
8.608
8.416
26.624
9.632
8.224
8.32
8.288
9.984
8.64
8.352
8.544
8.704
8.128
8.608
8.736
9.312
9.312
8.32
9.344
8.256
8.192
8.288
8.48
9.76
8.192
8.224
8.48
8.192
8.192
8.16
8.32
8.576
8.64
8.288
7.552
8.48
8.192
17.728
9.92
8.352
8.96
9.344
8.768
9.376
9.344
9.408
8.192
8.192
8.288
8.48
8.224
8.192
8.32
8.48
9.536
8.224
8.256
8.192
8.192
9.664
8.16
9.312
8.192
8.192
8.192
8.192
8.224
8.192
8.192
8.544
8.224
8.192
8.352
8.384
9.856
8.192
10.24
8.672
9.856
8.544
9.536
8.192
9.216
8.192
8.608
8.448
8.256
8.544
8.448
8.448
8.352
8.192
8.352
8.192
8.384
9.28
8.32
8.192
8.192
8.32
8.192
8.192
8.608
8.192
8.576
8.544
8.416
9.312
8.448
8.384
8.608
8.192
8.192
8.192
8.192
8.192
8.384
8.192
8.384
8.192
8.32
8.192
8.192
8.192
9.344
9.312
8.192
8.16
8.224
10.24
8.48
15.808
8.416
9.44
8.192
12.736
14.112
17.312
13.472
16.384
17.312
16.384
10.08
8.256
8.608
8.544
12.288
9.088
8.768
8.64
9.792
14.336
10.24
16.384
16.48
16.384
10.272
15.36
16.384
10.4
15.456
10.24
14.528
14.688
14.208
14.688
12.32
10.24
14.528
16.384
15.456
9.888
9.728
9.856
9.28
9.088
11.968
9.088
9.824
15.392
10.688
13.024
10.24
9.728
8.768
12.288
8.384
8.256
8.192
8.64
15.936
16.128
15.808
10.24
14.144
10.016
14.336
16.16
11.392
12.096
20.48
12.384
14.592
16.192
11.744
20.224
10.24
9.92
10.208
9.248
8.192
9.024
8.32
8.48
8.608
8.192
8.352
9.888
8.224
9.44
8.192
8.192
8.192
9.408
8.32
8.192
8.416
8.352
8.768
8.192
8.192
8.96
8.192
8.512
10.24
