79.872
14.336
10.56
12.16
11.36
10.752
10.368
10.24
10.24
10.24
10.24
10.368
10.336
10.24
10.592
10.656
10.976
10.368
11.552
11.296
11.328
10.592
10.56
11.36
10.944
10.4
10.528
11.52
10.24
10.24
10.624
10.464
10.656
10.592
10.688
10.464
11.616
10.592
10.56
10.624
11.584
11.296
10.24
10.24
10.24
10.24
10.624
10.944
10.56
10.24
14.336
10.24
10.24
10.24
10.24
10.24
10.24
10.24
10.304
10.336
10.272
10.24
10.464
10.368
11.392
10.368
10.24
10.24
10.24
10.272
11.104
10.4
11.36
10.24
10.24
10.304
10.592
10.24
10.24
11.328
11.648
10.24
10.24
10.24
10.432
10.496
10.24
10.432
10.496
10.24
10.24
10.336
10.432
11.744
10.24
10.24
10.24
10.24
10.24
10.432
10.688
10.688
10.656
10.336
11.456
11.36
10.24
10.24
10.496
10.24
10.24
10.24
10.24
10.24
10.496
10.24
12.32
11.616
10.592
10.464
10.624
10.24
11.648
10.24
10.24
10.24
10.56
10.528
10.432
10.4
11.488
10.368
10.88
10.656
11.328
11.264
10.24
10.4
10.528
10.4
10.848
10.432
10.656
10.464
10.688
10.368
11.776
11.264
10.24
10.24
10.56
11.392
10.24
10.368
10.88
10.4
10.24
10.24
10.24
10.24
10.56
10.624
10.592
10.592
10.24
10.304
10.24
10.496
10.784
10.496
10.88
10.432
10.752
11.36
10.24
10.336
10.464
10.56
10.624
10.592
10.24
10.24
10.24
10.24
10.432
10.496
11.584
10.528
10.688
10.656
11.328
11.68
10.24
10.24
11.552
10.24
10.336
10.24
10.624
10.432
10.752
10.56
11.392
11.552
11.36
10.24
11.328
10.24
10.24
16.384
12.032
10.624
10.528
10.592
10.4
10.656
11.68
10.24
10.24
10.368
10.56
10.784
10.592
10.848
10.592
10.688
10.624
11.328
11.264
10.24
10.496
10.4
10.592
10.336
10.496
10.624
10.272
10.24
10.24
11.264
10.24
10.24
10.24
10.272
10.464
10.56
10.592
10.56
10.656
10.656
11.616
11.456
10.24
10.24
10.368
10.368
10.656
10.24
10.24
10.24
10.24
10.496
10.56
10.624
10.624
11.68
11.296
10.24
11.392
10.24
11.456
11.328
10.24
10.24
10.336
10.56
10.56
10.752
10.88
10.24
10.24
10.24
10.24
10.464
10.272
10.24
10.496
10.304
10.784
10.624
10.688
10.656
11.552
10.24
10.24
10.24
10.24
10.24
10.976
10.432
10.656
10.528
10.528
10.432
10.528
10.592
11.424
10.24
10.24
10.656
10.72
10.624
10.656
11.68
11.616
11.616
10.528
10.56
11.424
10.24
10.24
10.336
10.464
10.656
10.72
12.992
11.456
10.496
11.456
10.24
10.24
10.24
10.24
10.24
10.336
10.24
10.624
10.848
10.624
10.592
10.624
11.296
11.776
11.584
11.936
10.528
11.456
10.24
10.24
10.848
10.24
10.336
10.336
10.368
10.528
10.592
10.528
11.36
10.24
10.24
10.24
10.24
10.24
10.24
10.272
10.24
10.592
10.56
10.624
10.624
11.552
10.24
11.488
11.488
10.24
10.24
10.336
10.688
11.36
10.24
19.648
20.032
11.008
11.712
10.24
10.24
11.52
11.456
10.4
10.976
11.328
11.552
11.712
10.24
11.52
11.328
11.36
10.24
10.24
10.24
11.296
10.24
10.24
10.24
10.336
10.304
10.4
10.592
10.624
10.24
10.688
11.552
10.24
10.24
10.432
10.56
14.848
10.368
10.464
10.592
10.56
11.744
11.488
10.24
10.24
10.24
10.24
10.496
10.624
10.656
10.24
10.24
10.24
10.368
10.56
10.592
10.592
10.56
10.24
16
11.616
10.592
10.56
10.528
10.656
11.616
10.592
42.24
10.56
10.528
10.528
10.528
11.712
11.616
10.24
10.24
10.24
10.4
10.624
10.688
10.624
11.84
11.872
10.528
10.24
10.752
10.624
11.712
11.36
10.464
11.36
10.24
10.24
10.24
10.24
10.496
10.656
10.24
10.56
10.592
10.656
10.496
10.784
10.24
10.304
11.04
10.56
10.496
10.592
10.624
10.752
11.328
10.24
10.24
10.24
10.24
10.24
10.368
10.528
10.368
10.24
10.56
10.784
10.784
10.624
11.712
10.368
10.624
10.688
10.24
10.24
10.24
10.24
10.336
10.688
10.624
11.584
11.52
11.488
10.24
11.456
10.24
11.328
10.24
10.24
10.24
12
10.848
10.528
11.488
11.488
14.336
21.184
10.88
10.592
10.24
10.304
10.56
10.88
10.56
10.24
10.24
11.424
10.272
11.264
10.24
10.4
10.24
10.24
10.24
11.328
10.24
10.24
10.88
10.4
10.24
10.368
10.688
10.24
10.56
10.24
10.656
11.52
10.24
10.432
10.592
10.464
10.336
10.72
10.56
11.328
10.24
10.24
10.56
10.656
10.624
10.304
11.552
11.296
11.68
10.24
10.24
10.24
11.488
10.24
10.24
10.656
10.24
10.784
10.272
10.368
10.592
10.4
10.56
11.68
10.24
10.24
10.24
10.336
10.432
10.656
10.336
10.368
10.688
10.432
10.624
10.496
11.264
10.24
10.4
11.264
10.24
10.272
10.304
10.688
10.528
11.488
10.24
10.24
10.24
10.24
10.304
10.528
10.24
10.24
10.272
10.752
10.528
10.496
10.624
10.688
10.24
10.528
10.624
11.488
10.464
10.24
10.24
11.456
10.24
10.336
10.496
10.688
10.592
11.872
11.584
11.328
10.24
10.24
10.976
10.816
10.912
10.624
11.392
10.24
10.24
10.368
10.624
10.592
11.456
11.584
11.584
11.488
10.496
10.624
10.56
10.592
10.432
10.528
10.272
10.592
10.24
10.24
10.432
11.552
10.496
10.592
11.52
10.24
10.304
10.528
10.24
10.24
10.4
24.704
10.24
10.24
10.24
10.624
10.784
10.56
10.304
10.24
10.592
11.008
10.56
10.24
10.336
10.56
10.784
10.464
11.328
10.24
10.24
10.368
10.56
10.624
11.52
10.24
10.24
10.304
10.592
11.776
10.24
10.24
10.24
10.528
10.304
10.4
10.624
10.496
10.528
10.528
10.688
11.264
10.24
10.24
10.016
10.24
10.24
10.784
10.592
11.328
10.24
10.4
10.24
10.336
10.528
10.56
11.296
11.52
11.36
10.24
10.24
10.24
10.336
10.528
10.432
10.624
10.24
10.592
10.56
10.528
10.56
11.456
11.584
10.24
10.464
10.688
10.24
10.24
10.528
10.528
10.784
10.624
10.752
10.56
10.592
10.24
11.296
10.24
10.656
11.584
10.24
10.24
10.688
10.24
10.656
10.24
10.24
10.24
10.24
10.4
10.4
11.424
16.384
10.72
10.56
10.496
10.688
11.456
10.528
10.528
11.424
10.24
10.24
10.528
10.464
10.56
10.464
10.496
10.24
10.24
10.304
10.24
10.24
10.432
10.624
10.624
11.264
11.424
11.328
10.848
10.752
10.912
10.368
10.24
10.24
10.24
10.24
10.24
10.56
10.72
10.56
11.712
10.528
11.424
10.24
10.304
10.24
10.56
10.464
14.112
11.712
12.064
10.688
10.624
10.368
10.72
11.584
11.328
10.24
10.24
10.24
10.464
10.56
11.744
11.328
10.24
10.624
10.688
11.392
10.24
10.24
10.24
10.784
10.24
10.56
10.592
10.752
10.496
11.552
22.56
11.488
11.552
12.064
10.592
11.68
11.264
10.4
10.688
11.264
10.304
10.496
10.496
11.392
11.488
11.744
11.616
10.72
11.456
10.24
10.24
10.464
10.528
11.552
10.24
10.24
10.24
10.592
10.496
10.784
11.36
10.24
10.24
10.688
10.528
10.24
11.328
10.24
10.688
10.592
10.784
11.456
10.24
10.368
10.56
11.648
6.144
10.752
11.616
10.24
10.24
10.496
10.56
10.592
11.36
10.24
10.432
10.752
10.24
10.24
10.496
11.808
10.4
11.52
10.24
10.24
10.304
10.368
10.688
11.584
10.24
10.24
10.24
11.392
10.24
10.304
10.368
10.56
10.432
10.528
10.272
10.56
11.328
10.24
10.304
11.488
10.24
10.24
10.432
10.432
10.656
11.296
11.552
10.24
10.24
11.328
10.24
10.24
10.304
10.432
10.656
10.24
10.24
10.24
10.528
10.656
11.328
11.296
11.808
10.56
10.528
11.488
10.24
10.688
10.56
11.712
10.592
11.264
10.24
10.24
10.848
11.456
10.24
10.336
10.56
10.624
11.328
10.24
10.24
10.304
14.944
11.104
10.464
10.56
10.592
10.592
10.624
10.656
