129.6
75.776
73.632
73.088
71.68
73.28
71.68
72.352
71.328
70.944
71.872
71.584
71.68
70.496
70.944
71.2
71.392
70.56
70.368
71.68
71.616
71.584
71.968
76.672
70.784
71.68
71.68
70.304
73.728
68.064
72.8
71.36
71.392
68.384
71.456
70.048
71.2
71.68
71.68
71.072
71.68
72.32
71.424
71.488
71.2
71.36
71.424
71.008
71.968
71.872
70.848
71.68
70.56
72.864
70.688
71.68
71.68
71.968
69.92
71.68
71.68
72.576
72.928
71.68
72.896
70.304
71.296
71.68
71.904
72
70.368
71.264
70.336
71.68
71.104
71.68
71.68
72.736
69.76
71.68
69.632
69.696
71.52
71.68
71.84
71.296
70.624
71.904
73.152
71.616
71.808
71.68
71.488
74.848
72.16
71.68
71.168
71.68
70.272
71.104
70.336
72.128
70.496
71.68
71.36
71.808
71.68
71.808
71.712
71.776
70.112
71.136
70.56
71.68
70.656
72.192
71.008
71.68
71.616
71.424
72.416
71.616
77.824
70.176
71.936
71.68
71.52
71.968
70.368
71.68
70.144
71.68
71.68
71.36
72
72.736
70.336
71.584
70.368
72.064
71.68
71.84
71.584
71.68
71.488
69.984
72.192
70.912
71.104
71.68
71.168
71.68
71.68
71.904
71.584
70.272
71.264
71.68
72.128
72.064
71.872
71.872
71.68
71.584
71.68
71.68
71.68
72.48
71.68
71.424
73.152
71.52
71.392
71.68
71.648
71.68
71.04
72.928
71.68
69.952
69.984
71.68
71.52
70.592
71.616
72.704
71.68
71.936
71.68
71.68
71.68
73.024
71.68
71.52
71.232
71.68
71.488
71.424
71.68
71.168
71.296
73.216
71.36
72.352
71.68
72.96
71.68
72.416
79.872
71.264
71.392
70.784
76.096
71.616
73.088
71.68
71.776
70.592
73.184
70.432
70.784
71.68
71.36
73.344
70.72
72.224
71.68
71.68
70.08
71.68
71.328
77.984
71.936
71.488
71.968
71.68
69.792
70.912
70.4
72.032
70.304
70.176
70.944
72
70.944
71.68
71.648
71.04
70.656
70.592
71.68
72.736
72.096
71.712
70.944
72.864
71.68
71.808
71.68
70.016
71.552
71.68
71.776
70.816
69.664
71.04
71.456
73.12
71.616
71.68
71.68
70.464
71.328
71.68
71.328
71.584
71.392
69.92
70.752
70.4
69.984
71.328
70.56
75.488
71.136
70.432
69.952
71.744
71.808
71.68
70.592
71.68
70.976
71.68
71.168
71.712
69.664
71.68
71.68
71.68
71.68
73.728
69.76
71.04
72.128
72.736
71.968
71.744
71.68
71.84
71.552
69.664
71.68
71.68
71.68
71.68
69.856
71.488
71.744
71.68
71.296
71.168
71.712
71.168
71.424
71.968
71.584
71.104
70.72
70.272
71.584
70.528
71.584
69.696
69.856
70.336
73.024
72.096
70.624
70.88
69.92
71.68
71.776
71.168
69.92
71.232
71.872
71.2
71.68
71.68
71.68
71.68
71.872
71.68
71.68
70.688
71.68
71.968
71.936
72.416
70.496
70.24
71.552
72.224
71.904
71.68
72.256
69.696
73.6
70.528
71.68
71.68
72.576
72.8
70.4
72.096
71.68
69.984
69.984
71.264
71.36
71.68
71.328
70.208
71.68
72
71.328
71.936
70.912
73.184
70.112
71.68
71.68
73.088
71.456
72.832
71.872
71.84
71.712
71.552
71.904
71.2
70.624
72.192
71.68
72.224
71.328
71.264
70.592
72.672
71.744
70.208
72.16
71.68
71.808
73.248
71.68
71.68
71.68
69.888
72.864
71.68
72.096
70.752
71.68
71.904
70.272
73.664
70.944
71.584
71.488
70.656
72.544
71.68
71.84
71.68
71.68
70.56
70.368
71.68
72.96
71.68
70.176
71.488
69.92
70.912
71.68
71.744
71.744
73.728
72.32
71.68
71.68
71.84
71.68
71.488
69.76
71.2
71.968
71.68
71.68
71.328
75.904
73.28
71.68
71.68
70.848
71.68
71.68
70.944
70.4
70.496
71.68
71.744
71.68
71.616
71.552
71.68
71.68
70.656
71.072
72.224
69.664
71.968
71.584
71.68
71.68
70.56
71.168
71.616
71.68
69.984
71.328
71.136
70.752
71.68
71.744
70.688
71.68
72.032
69.984
72.48
71.68
71.584
72.064
71.68
71.68
71.68
71.68
71.52
71.68
73.312
71.808
71.616
71.68
71.328
71.872
70.272
70.048
69.632
70.464
71.904
71.456
71.36
71.168
71.68
70.656
71.68
72
71.072
73.056
71.68
71.232
71.968
71.552
71.68
69.632
72.768
72.032
70.624
72.512
70.4
71.68
71.68
71.36
70.624
71.744
72.064
71.104
70.4
70.624
71.872
71.808
70.4
70.208
69.888
69.728
71.68
71.68
71.52
71.488
71.808
70.912
71.68
70.496
71.04
69.664
69.856
72.192
70.944
72.864
71.424
73.088
71.232
69.92
73.344
71.68
70.176
73.312
71.52
71.68
71.552
70.464
71.2
72.224
71.68
70.496
71.488
71.68
71.616
71.232
71.68
71.68
71.68
73.728
71.68
72.384
72.128
71.68
69.856
71.36
71.68
71.072
71.68
71.04
69.984
72.128
71.776
70.304
71.68
72.256
71.264
73.728
71.36
70.048
71.36
71.68
73.216
71.072
71.456
71.68
70.496
72.96
128.768
73.6
70.784
70.176
71.68
71.68
71.296
71.584
71.68
71.2
71.584
72.064
71.68
70.4
69.952
72.096
69.632
71.68
72.352
69.664
73.024
71.68
71.968
70.944
71.68
71.776
71.392
72.96
71.68
69.984
71.68
72.032
71.808
71.392
73.536
71.68
70.176
72.384
71.968
69.632
73.024
71.072
71.616
71.712
71.68
71.68
71.68
71.488
71.68
71.584
72.704
71.36
71.616
71.68
71.68
71.36
72
70.048
71.84
73.728
72.288
72.512
72.224
71.68
71.68
71.2
71.68
72
72.736
70.272
70.752
71.68
71.68
71.36
70.304
71.808
71.712
71.392
69.92
71.68
72.896
71.68
71.968
71.456
71.68
71.68
74.176
71.68
71.744
73.728
71.36
71.84
73.728
72.448
71.68
72.256
72
73.28
72.096
71.808
68.544
71.936
71.296
73.408
71.392
71.232
71.648
73.12
72.448
71.2
71.2
71.648
71.68
71.68
71.04
71.68
71.584
70.368
70.336
70.784
70.72
72.096
71.264
71.744
71.616
70.144
70.656
72.8
69.632
71.168
72.064
71.68
70.4
71.68
71.68
70.656
71.104
70.912
72.864
70.144
73.056
72.992
71.712
73.728
70.816
71.68
71.84
73.12
71.68
71.392
70.432
71.52
71.712
73.12
70.912
71.328
71.264
71.456
72.448
71.68
70.4
71.68
69.728
71.648
70.976
71.616
71.744
70.464
71.68
70.816
82.176
71.68
71.68
69.952
69.664
72.768
71.392
71.584
69.728
71.744
70.464
70.688
70.464
71.072
71.936
71.68
71.264
72.832
71.552
70.912
71.296
72.128
71.872
71.808
71.68
70.112
71.68
71.584
70.4
71.68
71.68
71.232
71.648
71.52
72.448
70.112
71.68
69.856
69.664
70.784
71.328
70.112
71.008
71.68
70.528
69.408
70.432
71.36
71.552
71.392
71.84
71.232
69.632
69.632
71.68
71.328
71.712
71.168
71.68
71.68
69.632
70.656
71.68
71.68
69.888
71.584
71.68
71.488
71.904
71.68
71.904
70.944
71.68
70.016
70.976
69.632
71.488
71.68
70.144
71.968
70.368
69.92
71.68
71.2
71.456
71.552
70.464
71.68
71.36
69.632
71.104
71.968
71.584
69.888
71.68
71.008
71.68
69.696
71.392
71.488
70.112
72.128
72.576
71.68
71.744
71.424
69.984
73.664
71.808
71.616
73.408
71.2
71.52
71.68
71.456
71.04
70.976
73.024
71.68
70.592
71.296
71.232
71.776
71.328
71.52
71.808
71.072
69.92
70.72
70.72
69.632
73.12
70.368
71.68
71.488
71.712
69.952
71.52
79.872
71.872
70.496
71.968
71.68
71.104
71.456
71.68
71.68
71.072
71.616
69.856
70.016
71.68
71.776
71.552
71.232
71.648
71.744
70.976
70.528
71.456
70.592
71.68
71.68
71.68
70.336
71.68
71.68
73.664
71.168
71.68
72.736
71.68
71.68
71.712
71.68
71.68
71.264
71.68
71.776
71.68
71.68
70.496
70.528
71.488
71.392
71.68
72.864
73.28
71.008
71.136
71.584
71.424
71.68
72
71.616
71.68
71.68
71.584
72.704
71.68
70.624
71.68
70.528
69.696
71.68
71.84
71.68
