409.472
335.776
332.512
330.752
332.448
331.904
338.624
336.768
339.424
333.632
339.552
332.864
338.112
338.816
341.696
338.336
339.392
332.128
337.6
338.336
339.488
339.872
337.344
338.496
330.048
338.112
336.928
330.304
339.584
337.92
338.336
338.272
337.408
337.408
336.768
336.128
332.096
336.896
339.168
338.432
336.864
338.336
339.168
337.12
340.16
341.056
339.552
334.144
338.368
336
337.76
337.12
331.36
339.904
339.008
331.584
339.456
338.08
340.384
337.088
339.04
337.184
338.208
341.12
341.056
339.296
338.88
339.008
338.368
337.312
337.664
338.368
339.488
332.448
334.368
330.144
338.432
340.224
336.768
332.48
338.496
339.328
339.232
338.048
337.6
339.104
339.808
339.904
339.52
336.992
338.368
339.488
338.208
338.624
337.664
338.144
338.144
337.856
337.408
338.656
338.304
339.072
338.24
338.144
337.024
331.296
341.184
337.504
331.264
331.808
332.384
338.144
338.144
339.328
339.04
336.8
338.112
339.488
336.992
335.648
331.776
332.704
339.232
335.776
338.144
338.176
346.848
337.216
339.68
336.192
340.224
337.12
338.912
335.008
338.944
338.208
336.96
331.904
339.104
338.4
334.784
332.864
332.64
331.936
331.264
339.52
339.68
339.456
340.608
340.224
338.56
337.44
339.68
337.856
338.144
338.976
337.952
339.072
339.2
339.168
338.368
339.84
340.064
337.152
338.368
337.856
337.344
340
338.176
338.304
337.984
338.912
337.088
337.472
337.408
340.352
338.336
338.56
336.896
337.728
338.624
336.864
330.656
338.816
335.072
338.624
337.664
338.784
339.648
338.336
338.304
330.688
337.312
336.8
338.496
337.312
338.528
339.584
337.472
338.176
338.304
339.104
337.728
339.424
338.72
335.936
341.472
338.752
338.688
338.496
337.728
339.552
338.016
337.536
338.528
338.208
338.784
339.552
337.216
339.68
340.992
331.2
336.192
339.744
337.056
332.48
331.136
340.448
337.44
338.912
338.464
337.28
339.264
336.288
338.272
338.432
337.536
332.32
336.864
331.232
335.904
338.176
338.336
338.72
339.872
340
338.944
339.456
338.336
339.776
339.04
339.424
338.752
338.24
336.864
338.24
338.304
337.952
337.088
337.472
337.568
339.616
339.808
336.672
336.768
338.272
339.392
337.888
341.6
338.24
340.32
337.632
338.944
338.496
337.728
338.304
337.664
340.192
332.32
333.408
331.488
356.768
337.92
339.488
339.072
340.832
338.688
339.104
341.504
338.176
338.304
331.168
332.992
336.32
339.232
338.112
338.464
336.416
334.048
339.136
337.536
329.92
339.36
338.24
337.792
338.24
338.464
335.104
338.944
337.184
338.784
338.08
339.488
331.328
338.784
338.56
336.96
336.768
337.344
337.664
331.232
337.44
338.656
339.488
336
338.112
338.56
340.928
337.024
331.808
338.176
339.072
337.408
337.984
338.016
338.432
339.488
331.136
339.84
337.888
337.344
332.288
338.08
336.864
338.368
331.008
325.248
330.304
330.368
329.952
329.76
331.232
329.728
329.408
329.184
329.728
330.08
328.928
331.36
328.832
329.056
326.88
327.808
330.048
327.744
322.208
330.752
330.944
328.832
328.832
329.152
329.888
329.44
329.728
330.144
329.504
322.432
330.784
330.176
330.4
330.912
323.776
328.544
322.72
329.664
328.832
330.56
331.136
330.528
329.6
328.8
328.992
331.52
328.448
329.12
328.576
331.84
323.744
330.208
331.296
328.832
330.24
322.848
328.864
330.784
330.656
329.152
322.24
329.248
323.744
328.896
329.12
331.424
324.096
328.832
329.856
329.6
330.272
330.016
328.8
330.496
322.24
329.856
321.344
328.992
330.048
329.248
322.848
329.568
330.144
331.232
329.28
329.12
329.472
323.296
329.184
329.184
328.032
330.112
330.176
322.4
323.36
321.792
328.608
330.496
328.512
329.184
329.216
330.176
329.44
327.936
329.184
331.52
329.312
329.312
327.84
328.832
329.76
328.672
330.432
329.12
323.2
327.808
324.128
322.816
322.4
329.216
328.032
322.592
329.376
322.304
328.704
329.088
329.28
330.048
331.008
322.272
323.264
330.848
329.792
330.496
328.928
329.664
329.152
329.568
328
329.28
329.44
329.44
328.832
328.64
328.064
327.84
322.4
323.104
329.76
329.312
331.136
322.72
329.44
329.216
322.144
329.088
330.112
329.152
328.736
331.936
329.728
328.768
322.976
329.184
329.472
322.4
329.376
329.888
321.792
329.056
322.144
331.648
322.752
329.504
329.344
329.28
330.144
330.72
330.432
330.944
330.528
329.664
329.6
329.952
337.184
329.152
322.496
322.752
322.368
323.84
322.272
323.2
323.072
329.312
323.232
323.872
330.624
323.168
331.936
321.696
323.168
322.08
330.848
331.072
329.728
329.536
328.736
323.04
329.568
330.688
322.176
323.136
330.208
328.96
331.392
322.336
328.864
329.152
329.504
323.328
329.696
328.096
329.888
330.24
329.344
329.408
330.752
324.128
329.216
329.152
329.376
329.6
321.92
329.952
322.336
324.416
322.208
329.28
329.824
329.696
328.32
331.04
329.664
321.568
329.792
329.088
329.248
328.032
328.992
329.92
327.808
323.552
324.032
329.312
327.808
323.296
323.232
329.632
323.136
328.992
330.208
329.088
328.224
323.232
330.592
329.472
328.352
328.8
328.256
324
331.264
331.392
330.88
329.088
329.152
329.984
328
322.944
322.88
322.336
328.256
323.136
330.784
330.976
328.16
327.488
330.336
330.496
329.056
323.456
328.928
328.576
322.976
328.384
330.048
330.208
329.824
323.392
322.72
321.44
330.048
329.632
322.08
328.48
330.208
330.592
329.312
329.248
329.056
329.472
327.68
329.632
329.632
329.856
330.432
327.712
328.896
327.872
330.08
329.728
330.528
330.08
328.8
329.568
329.792
327.296
333.472
329.568
330.688
329.632
330.176
322.624
330.688
330.272
328.512
328.96
327.872
328.96
329.76
328.256
331.232
329.376
329.216
329.76
327.904
323.712
329.92
322.496
329.344
323.136
323.008
329.728
324.128
329.696
328.16
323.04
331.648
323.424
323.968
322.208
323.264
323.36
322.976
322.176
329.696
323.776
322.592
328.448
331.904
329.28
330.048
328.768
328.416
324
331.328
329.024
323.36
328.544
323.552
328.064
329.44
323.104
331.808
329.248
330.048
330.144
329.216
321.792
330.752
329.984
328.704
330.976
329.216
324.16
323.552
323.456
331.04
330.432
330.08
330.24
329.184
328.672
328.64
329.632
330.848
323.776
329.184
329.28
328.064
329.088
330.752
329.28
322.432
322.432
329.568
330.848
328.992
322.176
324.352
330.656
330.4
328.448
322.72
329.6
330.976
330.72
329.376
329.152
321.792
330.464
329.376
321.856
322.24
323.04
325.92
329.056
321.792
328.608
329.024
323.456
330.144
322.304
322.912
323.424
329.12
328.288
328.768
330.304
329.728
329.248
330.464
322.816
328.992
331.808
329.856
323.168
329.44
330.208
330.72
322.688
329.92
328.992
322.88
328.896
322.944
329.728
322.752
323.168
322.432
328.864
322.752
329.472
332.416
323.168
329.536
322.016
331.84
321.728
329.632
330.432
331.008
328.992
329.44
323.04
330.496
322.848
328.256
329.312
329.632
328.352
329.792
330.624
328.32
328.992
330.944
328.192
327.872
328.768
330.368
329.184
330.848
331.392
331.52
329.184
328.992
331.424
329.6
329.152
327.52
322.88
329.024
330.88
328.672
328.544
328.832
329.408
328.8
349.152
331.104
329.312
329.088
329.056
330.624
330.752
322.656
329.056
329.024
330.72
326.784
331.008
328.544
328.704
329.216
328.96
328.608
329.024
330.144
328.32
328.864
329.504
322.592
329.408
330.464
329.504
328.928
330.784
327.904
330.88
329.824
330.144
330.912
328.96
329.376
330.56
328.128
329.12
329.792
328.864
330.496
328.544
329.056
330.368
328.384
328.064
328
330.88
329.44
327.936
331.36
330.752
331.84
323.392
331.488
328.96
328.832
326.528
331.296
329.728
329.664
330.912
321.92
329.024
322.88
323.392
330.688
329.76
324.544
329.216
330.208
329.984
328.96
329.088
330.112
321.536
328.352
322.752
329.568
321.856
329.056
330.368
327.904
322.4
330.336
332.096
328.928
328.064
331.232
328.736
323.776
330.304
330.624
328.96
331.104
330.048
328.64
329.184
330.656
329.088
329.536
329.664
330.144
330.112
326.464
328.544
329.472
329.664
324.096
328.928
328.608
329.568
328.512
329.664
328.704
330.208
330.432
330.112
330.336
328.192
328.832
330.944
329.76
327.84
330.688
328.896
330.624
328.96
328.832
324.96
331.68
330.432
331.52
321.92
322.592
