75.776
12.288
10.624
10.24
10.336
10.24
10.144
10.56
10.24
9.92
10.24
10.048
10.24
10.176
10.24
10.24
10.176
9.984
10.208
10.208
10.24
9.888
9.12
10.24
10.112
10.24
10.176
8.992
10.24
10.144
10.24
10.176
10.24
10.016
10.24
10.016
10.24
10.24
10.24
9.984
10.24
10.08
10.24
10.336
10.24
10.24
10.272
10.24
10.112
10.176
10.048
10.24
10.496
10.24
10.112
10.24
10.048
9.088
10.112
10.24
10.624
9.184
10.24
10.24
10.176
10.016
10.24
11.008
10.432
10.24
10.24
10.24
9.184
9.92
10.24
10.24
10.112
10.24
10.048
10.24
10.24
10.24
10.272
10.24
10.176
10.24
10.24
10.24
10.272
10.144
10.24
10.24
9.056
9.888
10.24
9.984
10.24
9.952
10.176
10.24
10.24
10.016
10.24
10.208
10.24
9.696
10.112
10.24
10.08
10.208
10.24
10.24
10.24
10.176
9.248
10.048
10.24
10.24
10.24
10.24
9.12
10.016
10.24
10.08
10.176
10.24
10.08
10.24
10.208
10.24
10.24
10.24
10.24
10.144
10.24
9.952
10.24
9.152
10.176
10.24
10.304
10.08
10.272
9.984
10.112
10.24
10.24
10.016
11.264
9.984
10.176
10.176
10.112
10.112
10.24
10.08
10.112
10.592
10.176
10.24
10.496
10.176
10.208
10.208
10.24
6.144
10.24
9.856
10.272
11.36
10.24
10.24
10.24
10.4
10.24
10.336
11.456
10.24
10.464
10.464
10.272
11.424
10.24
10.24
10.464
10.304
10.464
14.528
10.624
10.496
11.296
10.24
10.592
10.4
10.24
10.432
11.424
10.24
10.528
10.24
10.336
10.368
10.24
10.24
10.4
11.488
10.24
10.24
10.752
10.4
10.624
10.08
10.24
9.856
10.016
10.24
10.176
10.24
10.24
10.208
10.24
10.24
10.24
9.12
10.112
10.24
10.24
10.176
10.464
10.24
10.176
10.24
10.24
10.272
9.92
10.144
10.24
10.208
10.24
10.112
10.24
10.176
10.08
10.24
9.12
10.016
10.048
10.24
9.216
10.24
10.528
10.496
11.264
10.24
10.24
10.464
10.848
10.272
11.072
11.296
10.24
10.528
10.688
10.4
10.24
10.432
10.24
10.24
10.56
10.24
10.24
10.496
11.488
10.24
10.496
10.24
10.24
10.432
15.168
11.52
11.328
10.24
10.528
22.464
10.368
10.336
10.208
10.24
10.24
10.336
10.432
11.84
10.24
10.24
10.624
11.392
10.24
10.656
10.24
10.336
10.624
11.488
10.24
10.56
11.456
10.24
10.496
11.52
10.24
10.592
10.464
10.24
10.24
10.752
11.616
10.24
11.392
10.24
10.464
10.24
10.464
10.4
15.552
11.712
10.24
10.528
11.744
10.24
10.24
10.56
10.752
10.144
10.336
10.24
10.592
10.24
10.24
10.368
10.528
10.976
10.592
10.496
10.24
10.24
11.68
10.368
11.296
10.24
10.24
10.56
10.624
10.24
10.368
10.304
10.496
10.496
10.24
10.24
10.24
10.304
10.496
10.336
11.392
10.24
10.272
10.24
16.128
10.272
10.24
10.464
10.272
10.24
10.592
10.528
10.304
11.424
10.24
10.432
10.56
11.616
10.24
10.24
10.464
10.752
10.24
10.432
11.424
10.432
10.432
11.68
11.456
10.24
10.144
10.336
11.264
10.24
10.24
10.24
10.368
10.464
11.456
11.36
10.24
10.496
11.616
11.36
10.24
10.4
10.496
10.24
28.672
10.496
10.56
10.56
26.624
11.552
10.24
10.24
10.432
10.592
10.24
10.368
11.552
10.24
10.24
10.336
10.496
10.528
10.24
10.304
11.488
10.24
10.24
11.264
10.144
10.24
10.24
9.952
10.24
9.92
10.112
10.24
10.304
10.24
10.048
10.24
9.184
10.016
10.24
10.208
10.336
10.144
10.016
10.24
10.336
10.08
10.24
10.24
10.272
10.24
9.952
10.144
11.232
10.24
10.208
10.112
10.112
10.24
10.048
9.984
10.24
10.24
10.24
10.08
10.24
10.208
10.24
10.24
9.984
10.24
10.336
10.24
9.024
10.24
10.24
10.4
10.656
10.56
10.24
10.4
11.296
10.24
10.24
10.528
10.24
10.24
10.24
10.4
11.264
10.24
14.208
10.336
10.368
10.592
10.4
10.24
10.368
10.848
10.528
10.528
10.24
10.24
10.4
10.56
10.24
10.336
10.4
10.24
18.56
10.528
10.24
10.24
10.272
10.24
10.528
10.4
10.592
10.56
11.264
10.24
11.424
11.328
10.24
10.24
10.4
10.24
10.4
10.24
10.24
10.24
10.368
10.368
10.272
10.624
10.656
10.24
10.24
10.816
11.648
10.24
10.336
10.272
10.368
10.432
10.624
10.272
10.464
10.24
10.24
10.24
10.24
10.464
10.688
10.304
10.24
10.464
10.464
11.616
11.36
11.52
10.24
10.24
10.24
10.56
10.464
10.688
11.328
12.288
10.336
10.272
10.496
10.56
11.424
10.592
10.496
10.24
10.24
10.688
10.432
10.72
10.24
10.24
10.496
10.944
10.432
10.24
10.24
10.24
10.656
10.56
10.496
10.24
10.368
10.464
10.624
10.24
10.24
10.24
10.464
10.4
10.24
5.856
10.592
10.4
10.24
10.272
10.272
10.368
10.624
11.424
11.296
11.488
10.24
10.24
10.272
10.368
10.496
10.432
10.624
10.592
11.456
11.488
11.328
11.36
10.24
10.24
10.336
10.464
10.304
10.24
10.432
10.4
10.24
10.24
10.24
10.4
10.688
10.56
10.464
11.488
10.24
10.24
10.24
10.24
10.656
10.24
10.688
10.272
10.4
10.432
11.072
10.528
11.456
11.616
10.24
11.296
11.328
10.208
11.456
11.36
10.24
10.368
10.688
10.368
10.528
10.528
10.24
15.424
11.424
10.752
10.496
12.256
10.528
10.24
10.336
10.592
10.464
10.496
10.464
10.336
10.24
10.24
10.24
10.304
10.592
10.752
11.424
10.24
14.336
10.24
10.464
10.656
11.392
10.24
10.24
10.432
10.528
11.36
10.24
10.24
10.496
11.712
10.24
10.464
10.56
10.4
10.304
11.424
10.24
10.24
10.24
10.656
10.784
10.496
10.24
10.144
10.24
10.048
10.24
10.208
10.24
9.952
10.24
9.728
10.112
10.24
9.984
10.24
10.176
10.24
10.208
10.048
10.24
10.112
10.368
10.272
10.24
10.464
10.24
10.24
10.24
10.112
10.24
11.296
10.208
10.24
10.176
10.144
10.24
10.016
10.24
10.24
10.624
10.24
10.304
10.4
10.24
10.08
10.24
10.304
10.08
10.24
10.176
10.24
10.144
10.24
10.144
10.24
10.24
10.208
10.304
10.176
10.24
9.184
10.176
10.208
10.24
10.24
10.208
10.176
10.24
10.144
10.304
9.184
10.272
10.24
10.432
10.24
10.016
10.24
10.176
10.24
10.72
10.24
10.048
10.24
10.048
10.24
10.24
10.016
10.24
10.24
10.24
10.272
10.24
15.36
10.368
10.08
10.24
10.24
10.176
10.336
10.24
10.208
10.24
10.176
10.24
10.048
10.24
10.24
10.144
10.24
11.616
10.24
10.24
10.24
10.432
10.24
10.304
11.648
10.24
10.208
10.24
10.048
10.24
10.24
10.24
10.144
10.24
10.24
10.24
9.12
9.984
10.24
10.24
10.24
10.176
10.24
10.24
8.96
10.016
10.24
10.24
10.336
10.144
10.24
10.272
10.208
10.176
10.24
10.176
10.24
10.208
10.24
10.304
10.144
10.112
11.328
10.208
10.208
10.368
10.24
10.24
10.272
9.92
10.24
15.808
10.016
10.24
10.4
10.24
10.24
10.24
10.08
10.24
10.208
10.24
10.24
10.08
10.24
10.24
10.208
10.368
9.184
9.984
10.24
10.112
10.24
9.184
10.176
10.24
10.176
10.24
10.24
10.144
10.016
10.304
10.24
9.696
10.048
10.24
10.208
10.24
10.048
10.24
10.112
10.24
10.176
10.272
9.888
10.24
10.464
10.24
10.272
26.816
10.24
10.496
10.592
10.624
11.328
10.24
10.368
10.272
10.464
10.464
10.496
11.328
10.24
10.4
10.304
10.464
10.24
10.336
10.304
10.464
11.52
11.584
10.24
10.24
10.368
10.592
10.464
11.424
10.24
10.4
10.56
11.488
10.24
10.24
10.304
10.24
10.24
10.592
10.72
10.24
10.336
10.752
10.528
10.656
10.24
10.24
10.24
9.056
10.176
10.24
10.048
10.24
10.24
10.24
10.112
10.24
10.112
10.24
10.528
10.24
10.24
9.152
10.24
10.176
9.248
