88.768
21.728
16.864
16.672
16.224
16.384
16.256
16.256
16.096
15.296
15.008
15.712
16.384
15.776
15.072
15.264
15.808
16
16.384
16.032
16.32
15.872
22.016
15.008
15.648
14.688
16.192
15.328
15.968
16.416
15.072
16.256
16.384
15.168
16.384
16.096
15.36
15.072
15.648
16.384
16.384
14.944
16.256
16.352
15.968
16.384
16.384
15.072
16.384
14.848
15.616
16.224
14.976
16.224
16.032
15.424
15.264
15.136
16
15.232
16.384
15.008
15.616
16.384
16.384
19.84
15.2
15.68
16.384
16.224
16.192
15.328
15.936
14.944
15.968
15.552
15.936
16.384
14.72
16.192
15.936
16.064
16.352
15.584
15.84
15.776
16.192
15.744
15.328
16.256
16.384
14.336
15.872
17.856
15.232
14.624
15.04
15.968
16.384
14.4
15.392
16.096
15.744
16.384
14.656
14.496
14.336
16.448
14.944
16.384
15.36
15.232
14.624
16.096
16.192
16.16
14.976
15.232
15.2
16.32
14.784
15.04
16.16
14.944
15.808
15.744
16.288
15.328
15.584
16
14.944
14.72
16.192
16.384
15.04
16.384
14.624
16.224
16.32
18.56
16.32
15.04
15.52
16.384
15.008
16.384
16.384
16.032
14.368
16.352
14.528
14.56
15.328
15.936
15.2
14.432
15.584
16.384
16.384
16.384
15.84
16.192
14.688
16.16
15.552
14.88
16.288
15.36
16.384
15.136
16.416
16.384
16.032
16.032
16.064
15.104
16.064
14.944
16.032
16.32
16.224
16.416
15.36
16.16
16.384
15.36
15.648
15.84
14.272
16.352
16.384
15.232
16.384
15.808
14.88
16.384
14.528
15.584
15.488
15.648
14.368
16.384
14.56
15.328
16.384
16.384
16.384
16.384
16.096
14.464
16.032
15.584
15.968
15.2
15.968
15.968
16.352
16.16
16.32
16.384
16.288
16.384
16.192
16.384
16.384
15.008
16.32
16.384
16.384
16.384
14.72
15.808
15.648
16.224
16.384
16.384
15.072
16.224
15.2
15.808
16.32
14.432
16.288
16.288
16.384
14.784
16.352
15.616
16.064
16.352
15.2
15.776
15.776
16.384
15.264
20.48
16.064
16.384
16.288
16.256
16.384
15.264
14.848
16.384
16.224
15.808
15.776
15.552
16.16
16.288
15.104
16.256
15.84
14.752
16.288
15.712
15.968
15.232
15.648
15.072
16.192
15.648
15.776
16.384
14.912
15.872
16.064
16.224
16.384
16.384
16.384
14.784
17.472
16.128
16.384
15.104
15.712
16.032
16.384
16.224
15.872
16
15.264
16.16
16.384
16.384
16.384
16.384
16.384
15.04
16.384
15.584
15.744
14.752
16.064
16.256
15.264
15.968
15.936
16.384
16.384
15.168
14.816
16.352
16.384
16.384
14.656
16.192
15.2
15.008
16.384
14.88
16.384
16.384
15.648
16.288
16.256
15.872
15.68
16.384
15.296
16.384
15.232
16.384
16.384
16.224
16.416
16.384
16.704
16.384
16.16
16.384
16.384
16.032
15.872
15.104
15.904
16.384
16.32
16.512
15.776
15.04
16.32
15.584
15.968
16.384
16.384
16.544
15.296
16.16
16.384
16.384
16.352
16.384
16.384
17.44
16.384
20.736
16.384
16.384
16.384
16.384
16.384
16.512
16.384
16.128
16.192
16.064
15.616
16.096
16.384
14.912
16.32
15.296
16.384
15.04
16.384
16.256
15.04
15.552
16.096
15.68
15.936
14.976
16.032
16.352
16.288
16.352
14.848
16.384
16.288
15.424
15.968
14.4
16.352
14.976
16.384
14.656
15.808
14.848
15.456
16.256
14.976
16.032
16.352
15.136
14.912
15.872
16.256
16.256
15.2
15.712
15.616
16.064
16.384
14.72
15.84
16.352
15.904
15.168
15.808
16.096
15.104
16.192
15.264
16.384
16.224
15.776
16.384
14.848
16.352
15.168
16.384
15.04
12.736
15.36
16.16
15.744
15.168
16.064
16.384
16.288
15.328
16.32
16.384
14.688
15.616
16.32
14.624
16.064
16.384
16.288
14.88
15.616
15.744
16.384
14.784
15.936
15.296
14.496
15.328
15.296
16.352
16.128
15.712
16.384
15.136
15.232
14.4
16.384
16
15.104
15.04
16.384
16.384
16.544
14.816
15.904
15.904
14.848
16.032
16.384
15.808
15.36
16.384
15.328
15.264
16.384
16.384
16.384
16.384
15.008
17.504
21.984
16.128
15.68
15.264
15.04
16
15.232
15.328
16.384
16.064
14.848
15.936
16.384
16.384
15.776
16.384
15.616
14.848
16.352
16.32
15.968
16.256
14.624
16.384
15.136
16.384
16.384
16.352
14.656
16
16.384
16.384
15.168
16.384
16
15.776
15.968
15.84
16.384
15.104
16.384
16.384
15.968
15.424
16.384
14.528
16.384
15.296
16.512
16.384
14.912
15.552
15.776
15.808
16.192
16.32
16.064
16.384
15.808
14.976
15.328
16.192
16.384
16.256
16.288
16.384
16.384
15.296
16.352
16.384
14.624
15.2
16.352
15.904
15.808
16.192
14.688
16.384
15.2
16.384
16.384
16.384
15.712
16.384
15.04
16.384
18.432
15.84
16.384
15.616
16
15.296
15.904
16.384
16.064
15.936
14.816
16.096
16.032
16.384
15.904
15.904
14.72
16.128
16.384
15.616
16.064
14.912
16.384
16.16
16.544
14.592
15.904
15.744
16.224
16.384
15.808
15.84
16.384
16.384
15.2
15.648
16.16
16.224
16.384
14.976
16.192
15.296
18.432
15.712
16.256
15.136
15.296
16.384
15.136
17.44
15.968
15.648
15.552
15.616
16.288
16.384
15.104
15.872
16.384
15.616
16.352
16.352
16.288
16.384
15.264
15.648
16.384
15.136
15.488
15.84
15.808
16.384
14.784
14.88
16.384
15.04
15.36
16.352
16.384
14.976
12.896
15.968
16.384
16.384
16.16
16.384
14.88
14.816
14.528
15.584
14.912
15.264
16.384
15.968
15.808
15.84
15.296
16.384
15.008
15.936
16.384
14.784
15.904
16.384
15.072
15.616
16.064
15.296
15.328
15.872
14.912
16.384
15.808
15.936
16.064
15.136
14.944
15.648
16.128
14.368
16.16
16.352
20
15.264
16.256
15.264
15.552
15.104
14.656
16.384
14.976
14.496
16.32
15.2
14.72
14.72
16
15.168
14.592
15.808
14.656
16.224
16
15.072
16.16
15.968
16.256
16.128
14.752
15.616
16.384
15.584
15.936
15.008
16.288
15.584
16.384
14.816
15.616
16.384
16.384
14.752
16.224
16.384
15.808
15.68
18.432
15.296
16.32
14.848
14.88
15.872
15.008
16.256
15.456
15.168
15.552
16.352
15.2
16.384
15.712
16.16
15.776
14.592
14.784
15.232
16.384
14.592
16.032
16.384
15.296
15.36
16.384
15.168
14.336
16.384
16.384
14.912
16.384
16.384
14.976
15.584
15.52
16.128
15.936
26.624
16.096
15.072
15.872
15.232
21.28
14.72
16.384
16.032
16
15.072
14.752
15.872
15.936
16
16.16
15.008
16.032
14.784
14.816
14.88
15.84
15.168
14.944
16.256
16.384
16.384
15.456
16.384
16.384
15.84
15.072
15.552
15.936
15.072
16.032
32.768
16.384
16.096
16.224
16.064
15.2
15.872
16.16
16.448
15.328
16.128
15.36
15.776
14.976
14.528
16.032
15.904
15.04
15.104
16.128
16.384
15.136
16.16
15.168
16.384
16.128
15.296
15.648
15.104
16.384
14.976
16.384
16.128
14.976
15.904
15.872
15.168
16.384
15.264
15.712
15.84
15.296
15.808
15.808
15.712
15.904
15.296
16.352
16.032
16.384
16.32
15.616
16.384
15.264
16.384
16.384
15.328
16.16
15.232
15.04
15.968
15.872
15.296
15.04
15.2
16.384
15.712
16.64
15.808
15.84
15.808
16
15.872
16.384
16.064
16.352
15.072
16.384
16.384
16.384
15.328
16.384
15.296
16.128
16.256
15.104
16.608
16.064
16.256
15.712
15.36
15.264
15.008
16.384
16.384
16.384
15.68
14.976
15.744
16.384
16
16.48
14.4
16.384
16.736
15.2
16.064
16.384
15.744
16.384
15.68
14.88
16.384
15.072
16
15.872
15.232
16.128
16.288
15.296
15.296
16.384
16.384
16.064
14.976
16.192
18.048
14.88
16.16
14.752
16.032
16.384
14.976
15.936
16.128
16.384
16.256
16.032
16.448
16.096
18.752
16.192
16.384
15.264
14.432
16.384
16.736
15.2
16.16
16.384
16.416
16.384
16.768
15.04
16.16
16.352
15.264
16.384
15.84
16.384
