69.632
16.544
14.336
13.248
14.24
13.92
13.408
14.336
13.28
14.08
12.864
14.08
13.504
12.896
14.336
14.176
13.216
14.336
13.12
16.64
13.92
13.088
12.896
14.176
12.736
12.672
13.44
13.792
12.288
13.344
12.448
13.28
13.792
12.96
12.928
12.64
14.08
12.512
12.704
12.384
13.696
12.928
12.928
12.672
12.288
13.408
14.176
13.824
14.336
13.056
14.336
14.336
12.896
13.984
13.856
13.088
13.92
13.632
12.96
14.304
13.088
14.336
13.984
14.336
14.048
12.896
13.6
13.152
14.336
14.144
13.568
12.832
14.048
13.92
14.048
12.64
14.336
13.632
12.928
14.336
14.016
14.336
12.32
12.864
13.824
12.736
13.696
13.184
14.144
14.336
13.312
14.336
13.92
13.056
13.952
12.832
13.76
14.336
14.336
14.336
13.216
14.336
14.336
13.792
12.704
13.76
12.864
14.272
13.12
14.208
13.984
13.856
13.472
13.856
13.76
14.336
14.336
13.824
12.544
14.336
14.336
13.28
14.24
12.832
14.336
12.672
14.304
14.336
14.08
12.896
20.416
12.928
13.92
12.64
14.336
13.952
12.576
13.76
13.792
12.928
14.336
14.336
14.144
14.336
13.536
14.336
13.12
13.728
13.6
13.056
14.336
14.272
14.208
13.952
13.664
14.144
13.056
13.12
13.632
13.28
13.536
13.728
13.824
14.176
12.928
14.336
14.336
13.312
13.824
13.728
14.112
14.08
13.824
12.352
13.792
12.896
13.888
14.592
14.336
14.336
13.312
12.864
14.112
14.336
14.336
13.312
12.96
13.088
14.24
14.336
13.824
12.896
13.984
13.92
12.64
13.248
14.336
14.336
13.664
12.8
12.96
13.696
12.832
14.336
12.896
14.336
13.76
12.704
13.76
13.856
13.472
13.088
14.144
14.336
14.336
14.336
13.792
13.92
12.576
13.952
13.792
14.304
13.952
12.96
13.92
13.888
12.608
14.24
13.248
14.24
13.184
13.952
12.672
46.336
13.12
14.336
13.76
12.992
14.336
13.632
13.76
12.8
13.76
12.896
13.824
13.952
14.112
14.112
13.984
13.728
14.336
13.6
12.992
14.208
13.728
13.696
13.728
13.184
14.144
13.216
13.28
12.768
14.304
14.016
14.112
12.768
14.24
13.792
12.896
14.176
13.696
12.864
13.92
12.672
14.336
13.92
13.888
14.112
13.888
12.864
14.336
13.6
13.728
13.6
13.984
13.216
14.048
13.92
13.984
12.96
13.76
13.056
12.96
14.304
13.312
14.24
14.336
13.728
12.992
13.76
13.6
13.184
14.304
13.984
12.832
14.048
12.992
14.176
13.664
13.568
13.696
13.792
12.832
14.336
14.336
14.336
13.184
14.336
13.088
15.52
12.896
14.336
14.336
14.336
14.336
14.336
13.952
12.768
13.024
14.336
14.208
14.336
14.336
14.208
14.336
14.336
14.08
12.736
13.984
13.792
14.272
13.952
13.152
14.336
13.12
13.568
13.152
13.632
14.336
14.336
13.312
14.336
14.336
13.888
13.792
12.672
14.016
12.704
13.824
13.696
14.336
14.144
14.336
20.48
14.336
13.024
14.336
14.336
14.336
14.048
13.6
12.704
13.216
13.984
13.6
12.96
14.272
12.96
13.568
13.12
13.12
14.336
14.304
13.056
13.696
12.768
12.704
12.896
12.736
14.336
13.92
14.016
14.144
12.512
14.336
14.336
14.24
13.696
12.832
14.048
14.336
13.856
13.792
13.6
13.664
13.216
14.144
14.24
13.952
13.92
19.424
14.336
14.336
14.336
14.176
14.272
12.96
12.8
12.928
14.176
13.248
14.336
13.184
14.336
13.76
13.728
14.336
14.336
12.864
13.216
14.24
13.76
12.832
13.984
12.704
14.336
13.92
13.696
14.336
13.056
14.112
13.792
13.248
14.336
14.336
14.336
13.152
14.272
13.856
13.984
12.768
13.92
12.992
14.336
13.088
14.176
12.992
19.456
14.208
13.824
12.8
13.248
14.272
13.216
14.336
14.176
12.736
12.96
12.928
13.728
13.792
13.28
14.336
14.016
13.504
12.8
13.536
13.056
14.336
13.76
14.24
13.28
14.336
13.856
13.248
14.336
14.048
13.952
14.048
14.336
14.176
13.664
12.64
13.568
13.728
12.928
13.984
13.504
12.704
14.336
14.144
14.144
13.728
13.472
15.04
13.728
14.08
13.504
13.664
13.856
12.8
12.736
13.792
13.92
12.864
13.952
13.12
14.208
13.28
12.672
14.336
14.336
13.856
12.992
14.336
13.792
12.896
14.336
13.184
14.24
13.728
12.8
14.048
13.824
12.768
12.896
13.888
13.696
13.984
14.336
13.92
14.336
14.112
14.112
13.952
14.016
8.192
14.24
12.736
14.048
14.336
14.144
13.792
12.928
13.024
14.016
12.736
14.144
13.76
12.768
13.728
14.144
12.992
14.336
14.208
13.152
14.336
14.144
13.856
12.832
13.184
14.336
14.336
13.92
13.952
13.888
13.12
13.216
13.76
14.048
14.336
14.336
14.208
14.336
14.336
13.184
14.336
13.824
12.992
13.952
14.336
13.216
14.336
13.952
13.184
13.568
14.336
14.336
14.048
14.336
14.208
13.664
12.992
14.24
13.76
12.896
14.336
13.152
14.304
13.696
12.8
13.184
13.088
14.336
14.272
13.28
12.512
14.336
14.336
14.016
13.728
13.792
13.76
14.08
13.504
13.984
13.248
14.016
12.64
12.992
13.92
13.6
12.608
13.696
14.048
13.632
13.056
13.984
13.6
12.864
13.792
13.536
13.888
14.336
12.864
14.336
14.336
13.888
13.6
13.152
14.24
13.92
14.112
13.632
13.984
13.696
13.696
13.856
12.736
12.832
12.608
13.76
12.832
13.856
13.824
12.736
14.208
14.336
14.336
13.984
14.336
13.92
12.768
13.6
13.856
13.632
12.832
14.336
14.336
13.792
13.92
12.48
14.336
13.856
13.92
13.824
13.024
14.336
13.888
13.824
13.152
14.304
14.336
13.76
14.144
13.632
13.088
14.336
12.928
13.12
14.112
13.216
14.336
14.208
14.336
13.216
14.336
12.864
19.712
14.24
14.144
13.6
12.992
14.304
13.696
12.64
14.336
12.928
14.336
13.824
13.056
14.24
13.184
14.336
13.792
12.896
14.336
13.92
13.056
14.336
14.336
14.336
14.336
13.76
13.472
12.8
13.824
13.024
13.92
12.576
14.016
13.728
13.088
14.336
13.248
13.184
12.928
12.672
13.632
12.832
14.336
12.864
14.336
13.792
13.856
17.888
13.696
12.672
14.016
12.896
14.336
14.336
13.056
14.048
12.384
14.336
13.12
14.304
13.088
13.184
14.016
13.888
13.888
12.352
13.696
12.896
13.888
12.704
14.08
13.728
14.144
13.216
14.336
13.824
14.336
13.024
14.144
14.176
14.304
13.28
12.768
13.024
13.728
13.184
14.272
13.632
12.8
14.336
13.28
14.336
13.728
12.608
14.336
12.96
14.336
13.152
14.336
13.728
14.112
13.728
12.832
14.336
14.24
12.736
13.792
13.984
13.6
13.088
13.888
12.736
13.632
12.896
12.704
14.048
12.512
13.792
13.792
12.96
14.144
13.376
13.056
14.336
13.184
14.336
13.856
12.832
14.304
14.336
14.336
14.208
12.576
14.336
13.664
12.992
14.112
13.664
13.76
14.336
14.336
14.336
13.824
12.736
14.144
13.824
12.992
14.336
14.336
13.12
13.856
12.768
9.024
13.056
13.952
13.12
13.12
14.336
13.856
13.216
13.664
13.088
12.96
20.896
21.856
14.208
12.544
14.048
12.512
13.408
13.632
13.12
12.768
20.352
14.016
12.96
12.64
12.288
14.336
12.992
12.288
13.44
13.152
12.8
13.664
13.76
12.544
13.408
12.576
13.856
14.336
12.288
13.632
13.6
13.344
13.888
14.336
13.536
13.088
13.184
13.44
12.992
12.96
13.952
12.288
13.504
35.296
13.152
14.08
12.896
14.336
14.208
13.12
13.248
14.336
14.048
13.76
12.928
14.048
13.632
12.704
14.336
14.336
14.208
13.76
14.336
13.888
13.888
14.24
14.336
14.336
14.048
13.728
13.632
12.768
14.272
13.184
13.824
13.184
12.576
13.696
13.952
13.888
13.76
13.984
12.768
14.336
14.24
13.536
14.08
13.664
13.728
13.12
13.984
13.856
14.24
13.184
12.832
13.152
12.896
13.696
12.864
12.288
13.792
12.704
14.08
13.952
14.112
13.792
14.336
14.336
14.336
14.336
14.08
13.152
14.208
13.984
12.672
14.336
14.336
14.048
13.696
14.144
12.736
13.024
14.144
13.664
12.864
14.304
13.472
13.824
12.96
