71.68
12.928
10.88
12.032
10.624
11.36
10.56
10.592
10.24
10.24
10.656
10.24
10.24
10.336
10.24
10.208
11.52
10.24
10.464
10.528
11.36
11.456
11.328
10.24
10.24
10.496
10.336
10.24
10.24
10.24
10.464
10.336
10.272
10.528
11.392
10.24
10.464
10.368
10.24
18.432
10.464
10.496
10.24
10.24
10.496
10.24
10.24
10.272
10.24
10.24
10.336
10.304
10.24
10.24
10.752
10.368
10.24
16.416
10.464
11.296
10.24
10.24
10.24
10.56
10.24
10.24
10.368
11.424
10.24
10.304
10.816
10.368
10.56
11.264
10.72
10.368
10.24
10.24
10.304
10.24
10.24
10.08
10.24
10.176
11.392
10.24
10.688
10.24
10.304
10.368
11.552
10.24
10.432
10.432
10.784
11.328
10.112
9.824
10.272
9.856
9.184
9.888
10.688
10.24
10.24
9.824
9.024
10.176
10.24
9.216
10.24
9.088
10.24
10.08
10.08
9.856
10.368
9.824
9.216
10.24
9.12
10.24
10.24
10.24
10.24
10.24
10.304
10.24
10.24
10.24
10.208
10.24
10.24
10.24
10.24
10.208
10.24
10.24
10.816
10.432
10.24
10.368
10.528
10.4
10.24
10.304
11.584
10.24
10.496
11.008
11.296
10.24
10.24
10.464
10.72
10.688
11.712
10.432
10.24
10.624
11.488
10.24
10.4
10.656
10.624
10.24
10.752
10.24
12.224
11.36
10.24
10.4
10.24
10.24
11.424
10.24
10.816
11.68
10.496
10.56
10.56
10.272
11.424
10.24
10.656
10.24
13.76
10.688
10.56
10.24
10.112
11.328
10.24
10.24
10.432
10.688
10.24
10.368
10.144
10.56
10.24
10.368
10.4
10.24
10.336
10.784
10.24
10.24
10.24
10.24
10.24
10.048
10.048
10.176
10.336
10.432
10.112
10.24
10.24
10.24
10.24
10.24
10.24
10.24
10.24
11.36
8.8
9.92
9.984
10.24
10.432
9.056
10.176
10.176
10.24
10.08
10.272
9.92
10.208
10.24
9.76
9.216
10.24
10.592
10.24
10.24
10.24
10.048
10.048
10.048
9.984
10.368
10.048
10.4
10.08
10.08
9.952
9.952
9.12
10.24
10.656
10.208
10.24
10.24
10.24
10.24
10.24
10.24
10.24
10.24
10.24
10.24
10.24
10.208
10.24
10.24
9.024
10.24
10.24
10.24
10.24
10.08
10.176
11.264
10.24
11.456
10.24
10.304
10.24
10.24
10.24
10.4
10.24
10.496
11.68
10.464
10.24
10.368
10.24
10.24
10.944
10.24
4.736
10.528
10.24
10.24
10.272
11.328
10.464
10.08
10.24
10.496
10.592
11.36
10.368
10.24
10.528
11.424
10.24
10.336
9.984
10.144
10.016
10.208
10.144
10.016
10.368
10.08
10.24
10.24
10.24
10.24
10.24
10.24
10.24
10.24
10.016
10.368
10.304
9.856
11.296
9.184
10.24
9.184
9.12
10.24
9.216
10.176
9.184
10.24
10.24
10.208
10.24
10.24
10.08
10.336
10.016
10.176
10.24
10.24
10.24
10.24
10.24
10.24
10.24
10.304
9.12
10.304
8.992
10.24
10.24
10.24
10.24
10.24
10.24
10.24
11.392
10.24
10.24
10.24
10.24
10.24
10.24
10.24
10.24
10.24
10.24
10.24
9.984
9.184
10.24
10.24
10.24
10.24
10.24
14.336
10.24
10.112
10.016
10.24
10.24
10.24
10.016
10.112
10.112
10.496
10.24
10.24
10.08
9.888
10.24
10.144
10.24
10.24
10.24
10.176
8.96
10.24
10.24
10.144
10.24
9.12
10.24
9.184
10.24
10.016
10.016
9.888
10.016
9.088
10.24
9.92
10.24
9.216
14.144
10.144
10.24
10.24
10.24
10.24
10.016
9.088
10.24
10.24
9.984
10.24
10.24
10.24
10.08
10.112
9.088
10.24
9.184
10.24
10.24
10.24
10.24
10.208
9.184
10.24
10.144
10.24
10.08
10.08
10.048
10.24
10.24
10.24
10.24
10.24
10.24
10.016
10.24
10.24
10.272
10.56
10.24
10.688
11.648
10.24
10.24
10.4
10.304
11.52
10.24
10.272
10.368
10.4
10.24
10.56
10.432
10.912
10.688
10.24
10.56
10.24
10.272
11.776
11.808
10.24
10.24
10.336
10.24
10.592
11.648
10.24
10.464
10.784
11.424
10.24
10.336
10.176
10.24
10.24
10.4
10.368
10.24
10.24
10.336
10.24
10.432
10.24
10.592
11.456
10.24
10.24
10.496
10.24
10.432
10.56
11.296
10.24
10.432
10.528
10.24
10.336
11.552
10.272
10.24
10.496
10.336
10.24
10.336
10.528
10.24
10.72
10.24
10.24
10.24
11.264
10.016
9.984
9.216
10.24
10.144
10.24
10.24
10.24
9.984
9.056
10.24
10.24
11.424
9.056
15.104
10.112
10.464
10.24
9.888
10.08
9.952
11.264
10.048
10.368
9.12
10.24
10.24
10.24
10.24
10.24
10.048
10.016
10.144
10.016
10.24
10.24
9.216
10.24
10.24
10.24
10.24
10.24
10.176
10.016
10.272
10.048
10.464
10.304
10.24
10.176
10.048
10.24
10.24
26.624
10.304
10.496
10.784
10.72
11.392
10.24
10.24
10.272
10.432
11.424
10.24
10.368
10.496
11.296
10.336
10.816
11.52
10.56
10.56
11.424
10.24
10.432
11.84
10.272
10.464
10.464
11.488
10.24
10.528
10.432
10.24
10.24
10.656
10.24
10.24
10.528
10.4
10.304
10.496
10.24
10.336
10.496
11.36
11.52
10.24
10.432
10.24
10.432
10.432
10.24
10.464
10.592
10.24
16.384
10.24
10.24
10.528
10.56
10.656
10.24
10.784
10.528
10.24
10.24
10.56
10.528
10.24
10.272
10.528
11.296
10.24
10.432
10.624
10.208
10.496
4.864
10.272
10.464
10.24
10.24
10.272
10.432
10.24
10.24
10.784
11.424
10.24
10.432
10.784
16.832
11.68
10.048
10.24
10.24
10.4
10.24
10.528
10.24
10.24
10.464
10.24
10.4
11.392
10.24
10.4
10.784
11.424
10.24
11.616
10.368
10.4
10.24
10.304
11.456
10.24
10.4
11.456
10.24
10.24
10.24
10.336
10.24
10.24
10.4
11.392
10.4
10.784
10.72
10.496
10.24
10.336
11.264
10.496
10.56
11.488
10.24
10.336
11.648
10.368
10.688
11.392
10.688
11.584
11.296
10.304
10.336
11.296
11.744
10.24
10.24
10.464
10.88
10.24
10.656
10.304
10.24
10.336
10.656
10.304
11.456
10.24
10.24
11.488
10.688
10.24
10.24
10.432
11.584
10.24
10.4
11.68
10.24
10.24
10.56
10.24
10.688
10.304
10.752
10.24
10.4
11.616
10.56
11.456
10.24
10.656
10.24
10.4
11.392
11.264
11.584
10.24
10.24
10.24
10.784
10.72
10.688
11.872
10.24
16.64
10.24
10.432
10.464
10.24
10.336
11.52
10.336
10.24
10.752
10.272
10.24
10.368
10.24
11.36
10.432
11.616
10.656
18.272
10.592
10.432
11.264
10.24
10.336
10.432
10.24
10.496
10.752
10.24
10.24
10.368
10.24
10.24
10.72
10.272
10.24
10.336
10.656
10.368
10.24
10.272
10.656
10.24
10.368
10.4
10.24
10.496
10.56
10.24
10.496
10.624
11.424
10.24
10.656
10.24
11.84
10.24
10.24
10.24
10.656
10.944
10.24
10.24
10.624
10.24
10.656
10.624
11.712
10.24
10.24
10.464
11.52
11.424
10.432
10.304
10.464
10.24
10.432
10.24
10.24
10.304
10.176
10.24
10.208
11.52
10.24
10.336
10.24
10.368
11.264
10.432
12.128
10.304
10.432
10.24
10.24
10.304
11.296
10.528
10.4
11.584
10.24
10.272
10.4
11.36
10.432
10.592
11.68
10.24
10.624
9.12
10.4
10.304
10.24
10.272
10.24
10.336
10.24
10.272
10.624
10.24
10.24
10.4
10.24
10.4
11.744
10.24
10.304
11.328
10.24
10.24
10.464
9.216
10.08
11.552
10.24
10.368
10.528
10.24
10.24
11.328
11.488
10.4
10.432
10.272
10.24
11.488
11.456
10.336
10.432
10.592
9.216
10.24
10.656
10.528
10.24
10.496
10.528
10.24
10.24
10.368
10.24
9.984
10.24
10.592
10.24
10.432
10.24
10.24
10.4
10.24
10.432
11.488
10.24
10.4
10.336
10.4
10.24
10.464
10.656
10.272
10.24
11.008
10.24
10.592
11.648
10.24
10.528
10.688
10.368
10.272
10.24
10.24
10.272
11.616
10.24
10.432
10.56
