71.68
14.592
12.256
12.32
12.096
12.064
10.88
12.16
12.416
12.384
11.328
11.04
12.096
11.936
12.288
11.936
12.288
12.224
11.776
11.168
12.288
12.224
11.008
12.288
11.968
11.264
11.104
12.288
12.192
11.936
12.288
12
10.88
12.48
12.416
10.976
12.288
12.256
12.192
11.84
12.288
12.096
12.288
12.032
11.04
12.288
12.032
10.976
12.288
11.84
12.288
12.32
12.352
12.288
11.776
11.104
12.064
12.288
11.904
12.288
12.128
12.064
12.16
12.288
11.072
12.16
12.192
11.008
12.128
12
12.288
12.288
11.776
12.16
12.288
12
11.04
12.288
10.336
12.288
10.848
12.288
12.416
11.872
12.288
11.904
12.544
12.032
12.224
12.192
11.136
12.128
11.904
11.2
12.288
11.968
12.256
11.072
12.288
12.288
11.648
12.288
12.288
12.288
12.288
12.384
12.288
12.064
12.288
11.072
12
11.936
12.288
12.288
11.2
11.104
11.904
12.288
11.904
11.072
12.288
11.904
12.16
11.04
12.16
12.416
11.232
12.288
12.064
11.232
18.24
12.288
12.032
12.032
12.288
12.256
11.776
12.288
12.064
11.968
12
12.288
11.712
12.288
11.84
12.288
12.672
10.976
12.288
12.096
11.04
12.288
12.544
12.16
11.904
12.288
11.936
11.936
12.288
11.872
11.744
12.288
10.784
7.616
12.16
11.232
12.288
11.968
12.448
12.256
12.288
12.224
12.288
11.872
12.288
12.288
11.744
12.288
12.256
12.448
12.288
12.256
11.936
11.104
11.904
12.256
12.288
12
12.288
11.872
12.288
11.968
11.104
12.096
12.16
12.288
12.16
12.096
11.2
12.288
10.944
12.288
11.744
10.976
12.288
10.784
11.232
12.288
11.808
11.2
12.288
12.288
12.288
11.872
11.968
11.968
11.104
12.16
11.936
17.408
12.288
12.288
12.288
11.648
11.136
12.288
12.064
12.288
11.904
12.288
12.096
11.904
12.288
11.712
12.288
11.648
12.288
10.944
12.192
10.688
12.128
10.848
12.032
11.968
11.136
11.84
10.816
12.288
11.808
11.2
12.096
11.936
12.256
11.808
12.416
12.096
11.008
12.288
12.064
12.288
12.192
11.776
12.032
12.544
12.288
12.064
12.288
11.904
11.712
11.232
12.288
12.128
11.168
11.712
12.32
11.232
11.232
12.288
10.912
12.096
11.744
12.064
11.904
11.104
11.904
11.2
11.136
12.288
12.064
11.2
12.288
11.904
10.56
12.288
11.936
12.288
11.872
12.224
11.712
12.288
11.872
12.288
12.192
12.288
12.128
11.936
12.288
11.776
12.288
12
12.192
12.288
11.744
12.288
10.848
12.288
12.288
11.104
11.936
12.288
11.616
11.744
12.288
11.712
11.808
12.288
11.776
12.16
12.288
11.872
11.808
10.944
11.84
11.04
12.288
11.2
12.288
11.68
13.312
12.288
12.288
11.776
12.256
10.944
12.096
11.072
12.192
12.192
12.384
11.68
11.84
12.288
11.68
11.264
12.096
11.136
11.776
11.168
12.096
12.064
11.936
11.84
11.776
12.288
11.168
11.744
12.288
12.032
12.544
12.064
12.224
11.904
12.288
11.872
12.288
12.064
12.288
12.064
11.648
10.944
12.288
11.424
12.288
11.68
12.288
12.192
11.168
12.032
11.84
10.944
11.936
11.232
12.032
10.72
12.288
10.88
12.288
12.16
16.096
12.288
12.256
11.84
11.776
12.288
10.784
12.288
12.192
11.68
12.288
11.68
12.256
11.04
11.744
11.136
12.032
12.288
12.032
12.16
12.032
11.776
12.288
12
12.288
11.712
11.84
12.288
11.68
12.288
12.128
11.072
12.288
11.936
11.232
12.064
12.192
12.224
12.064
12
12.288
12.288
12.064
12.288
12.288
12.288
12.288
12.288
11.936
11.104
12.288
11.904
11.232
12.064
12.16
12.288
11.776
12.288
12.288
11.904
12.288
11.936
11.744
12.192
10.624
12.288
12.288
12.096
12.288
12
11.584
11.232
11.36
11.84
11.68
11.744
11.04
12.032
10.976
10.912
12.192
10.816
12.288
10.528
11.072
12.288
11.552
12.288
11.648
12
12.288
11.744
12.16
10.592
11.904
11.072
11.68
12.288
10.784
12.096
11.776
12.288
11.904
12.288
11.008
11.424
11.776
12.224
10.4
11.648
12.224
11.712
11.264
11.808
11.712
11.008
10.4
11.968
10.752
10.368
11.52
12.288
11.008
12.096
12.064
12.16
10.816
11.712
11.008
12.288
11.04
11.424
12.256
11.68
10.848
11.808
12
11.2
10.464
11.616
10.88
11.68
11.264
10.656
12.032
11.072
12.288
11.584
10.944
12.288
10.688
11.968
11.008
10.688
10.848
11.04
11.488
11.328
12.128
11.232
11.872
11.04
11.808
10.72
11.936
11.2
10.496
12.288
11.008
11.552
12.256
11.648
11.808
11.712
10.912
10.752
12.224
10.752
12.288
11.52
11.776
11.904
10.944
12.288
11.968
11.232
12.288
219.808
13.888
12.384
12.064
11.936
11.904
12.192
12.096
11.872
12.288
12.64
12.288
11.936
12.032
11.072
12.288
11.968
12.192
12.064
12.288
12.288
11.968
10.944
12.288
7.328
12.288
12.288
12.288
12.288
11.936
11.104
12.288
12.288
12.288
11.968
11.968
11.2
12.288
12
12.448
11.04
12.288
12.16
11.968
12.608
12.288
12.192
11.968
12
12.288
12.288
12
12.288
12.288
12.288
12.288
12.288
12
11.264
12.288
11.936
12.064
11.2
12.128
12.288
12
12.288
12.288
12.16
11.552
12.288
12.288
11.84
12
12.192
11.872
14.944
12.288
12.256
12.128
12.288
12
12.288
12.032
12.192
12.064
12.288
11.904
10.848
12.288
12.192
11.2
11.872
12.256
11.968
12.288
14.304
16.384
16.384
15.84
18.592
12.672
11.712
12.224
12.48
12.384
12.128
12.288
12.288
12.256
12.032
11.84
11.136
12.288
12.256
12.544
11.936
12
17.248
12.416
12.352
12.032
11.168
12.288
12.288
12.096
12.288
12.096
11.904
11.232
11.232
12.32
11.2
11.84
12.096
12
12.352
11.968
12.288
12.448
12.128
12.288
12.288
12.16
11.936
12.224
12.128
12.288
12.096
12.32
11.072
11.2
12.096
12.288
11.968
12
12.288
12.288
11.84
11.936
12.288
12.128
12.128
12.288
12.192
12.192
11.968
11.04
12.288
12.288
12.48
11.136
12
11.04
12.288
11.968
11.968
12.192
12.288
12.288
12.224
12.224
10.848
12.288
12.288
12.256
12.288
11.968
12.288
12.288
12.288
11.904
12.096
12.288
12.032
11.712
11.936
12.288
12.288
11.936
12.352
11.168
11.264
12.288
11.936
11.008
12.224
12.288
11.616
12.288
11.712
10.976
10.848
11.936
10.944
11.968
12.288
11.808
12.288
11.68
12.16
10.944
12.064
12.288
10.656
11.104
12.288
10.688
12.16
12.256
11.68
12.288
12.096
10.784
12.288
10.752
10.944
11.904
10.976
11.968
11.232
12.288
11.776
12.288
11.68
12.288
12.096
10.752
11.68
11.008
11.616
12
11.808
12.288
12.288
12.288
11.552
12.128
11.136
11.68
11.2
10.848
12.288
11.776
12.192
12.288
10.944
12.288
11.68
12.288
11.648
11.84
12.288
10.752
11.584
11.808
10.784
12.288
11.648
12.128
12.032
12.288
11.744
12.288
10.752
11.264
10.848
11.904
11.04
11.84
10.88
12.288
11.008
11.712
11.008
11.744
11.072
12.288
12.288
12.256
12.064
12.288
12
11.232
12.288
12.288
11.968
11.136
12.288
11.872
11.872
13.696
12.288
12.16
12.288
12.576
12.128
11.072
12.16
12.096
22.56
11.808
10.752
11.904
12.288
11.872
12.288
11.68
12.288
12.288
12.288
12.352
12.128
12.288
12.48
11.968
11.264
12.288
12.256
12.128
12.288
11.168
12.032
11.296
13.472
12.288
12.288
12.192
11.84
12.288
12.288
11.968
12.288
12.288
12
12.352
12.032
11.808
12.16
12.288
12.288
12.096
12.288
21.888
12.096
11.264
12.288
12.288
12.256
11.936
12
12.288
12.288
12.064
12.32
11.168
12.288
12.032
12.192
12.416
12.288
12.256
12.192
12.32
12.288
12.096
12.32
12.288
12.16
12.16
12
12.224
12.032
12.288
12.288
12.288
12.288
12.224
12.096
11.904
11.104
12.288
12.288
11.936
12.384
11.232
12.288
12.288
11.968
11.936
12
12.288
12.064
12.288
12.448
