63.488
14.336
12.288
12.288
11.488
10.912
12.288
11.712
10.912
10.4
11.712
10.816
11.456
11.072
12.288
12.096
11.776
11.872
11.552
11.456
12.16
11.168
11.136
12.128
11.808
11.232
11.008
11.488
11.392
10.368
12.064
11.872
12.16
10.72
10.432
11.424
11.648
11.808
12.288
11.744
12.224
11.008
12.128
12.288
12.256
12.288
11.776
11.616
12.288
12.288
11.264
11.264
12.256
11.712
12.256
11.84
11.808
12.224
11.904
11.584
11.68
10.496
11.328
12.064
10.88
12.64
11.552
11.072
12.032
10.784
11.648
10.464
10.592
11.584
11.84
10.592
10.912
10.72
11.168
12.064
12.288
11.072
11.36
11.84
10.656
11.008
10.784
12.288
10.912
10.336
10.56
11.552
10.624
10.752
12.288
12.096
12.224
11.456
12.288
12.288
11.232
11.648
11.424
10.976
11.232
11.488
10.944
10.976
11.168
11.776
12
10.432
10.848
11.2
11.36
12.192
10.528
10.816
47.104
10.784
11.456
11.968
11.52
11.552
10.464
11.04
10.976
10.912
11.04
11.136
12.288
10.88
10.24
11.68
10.272
11.328
11.68
11.52
11.296
11.648
10.528
10.752
11.104
11.424
11.456
12.288
12.064
10.656
11.2
11.424
10.784
11.232
12.288
12.16
12.288
12.192
10.56
11.008
12.16
10.368
11.616
12.288
10.784
11.552
11.136
12.288
12.288
12.288
12.16
12.128
11.392
10.816
10.464
11.456
11.936
10.72
10.752
12.032
11.776
11.872
12.288
11.2
11.808
11.2
11.264
10.592
10.656
11.264
10.464
12.192
10.976
10.464
10.432
10.528
11.68
11.808
10.72
12
11.52
11.744
12.288
10.656
10.784
10.592
12.128
11.968
14.944
11.712
11.872
11.744
11.776
11.584
12.064
11.52
11.328
12.192
11.904
11.776
11.616
12.288
12.16
11.968
10.56
11.584
10.912
10.528
11.008
11.04
12.288
11.008
11.744
11.136
12.288
10.912
10.976
10.784
11.104
10.816
11.136
12.288
12.288
10.72
11.84
10.784
10.72
10.336
10.56
10.912
11.52
10.336
11.488
11.968
10.752
10.464
11.36
12.16
10.944
11.04
12.192
10.656
12.096
12.064
11.232
10.304
10.464
10.24
11.84
11.232
10.4
11.552
11.04
11.168
10.24
10.56
10.688
11.104
11.552
16.384
11.616
10.784
10.72
10.496
10.432
10.72
10.912
11.04
12.288
11.552
11.68
10.336
10.624
10.688
11.04
11.456
11.68
11.456
11.616
11.2
10.88
11.744
11.904
11.328
11.616
11.968
10.784
10.336
10.56
10.432
10.432
10.688
11.04
12.128
10.496
11.04
10.72
11.68
10.656
10.624
11.488
10.432
11.744
11.456
10.944
12.288
12.288
12.096
11.008
12.032
12.256
12.16
12.16
12.288
11.04
10.976
11.072
11.264
10.528
10.4
11.456
12.16
12.288
12.288
11.712
11.936
11.456
12.064
10.976
12.032
17.536
10.496
12.032
11.68
11.936
11.04
10.272
12
12.288
11.84
12.288
12.288
10.464
10.688
11.04
12.288
11.872
11.52
10.56
11.424
10.592
10.624
11.232
12.224
10.4
10.304
10.912
10.816
10.368
10.592
10.528
10.336
11.488
12.064
12
10.24
12.256
10.816
11.072
10.56
10.656
10.464
12.288
11.2
11.424
11.84
10.944
11.008
11.04
12.256
12.032
11.776
11.84
11.264
11.104
11.456
12.128
12.064
10.816
11.104
12.288
11.104
12.064
11.072
11.424
11.52
10.592
11.2
11.328
10.464
10.816
10.944
10.624
11.296
11.456
10.752
11.84
10.944
12.256
11.68
12.224
10.848
10.976
11.008
12.288
10.912
11.008
12.288
12.288
12.224
12.288
11.04
11.232
10.656
11.136
12.288
11.072
10.56
11.424
11.296
11.584
11.296
10.56
11.584
11.552
11.584
10.848
11.104
11.648
11.872
10.368
10.656
11.2
12.096
10.656
10.688
12.096
10.464
10.24
12.288
12.288
12.224
6.144
10.816
11.2
10.88
11.84
11.584
10.88
11.264
12.224
10.784
11.072
10.912
11.68
11.52
10.752
11.264
11.232
11.776
10.496
11.648
10.4
11.616
10.976
12.192
12.128
11.552
10.72
11.2
11.648
12.16
12
11.584
11.168
12.064
10.528
10.72
10.752
11.2
10.72
12.288
10.848
10.432
10.56
10.944
10.912
12.288
11.104
11.104
11.2
11.968
12.096
12.032
11.616
10.336
10.784
11.136
11.04
12
11.936
12.224
10.976
11.008
11.904
11.456
10.464
10.752
11.04
11.968
10.656
12.256
12
11.904
11.68
10.336
10.816
10.912
10.688
12.288
11.2
11.744
11.84
11.424
10.656
11.232
11.2
11.328
11.552
10.528
10.656
10.976
11.04
12.096
11.328
10.912
10.88
11.04
12.256
11.744
11.584
11.52
11.04
12.288
11.424
10.368
11.904
11.68
10.592
10.496
11.04
11.968
10.976
11.488
12.16
12.288
12
12.288
12.288
11.84
11.712
11.456
11.552
11.392
10.752
10.912
12.288
11.936
11.104
12.288
11.904
10.912
10.688
10.88
10.88
12.032
11.616
11.712
11.552
11.552
12.064
12.288
12.288
12.096
12.288
11.904
11.328
10.432
10.56
11.072
10.432
10.912
10.752
12
11.392
11.328
11.104
10.688
10.752
10.976
10.944
11.136
11.968
12.256
11.904
11.936
10.944
11.136
11.936
10.656
11.616
12.128
11.232
11.84
11.104
10.624
10.976
11.84
11.168
12.288
12.128
11.712
12.128
11.392
11.808
10.976
11.04
12.288
11.872
11.68
11.52
10.432
10.784
10.496
10.496
10.592
11.04
10.688
10.848
11.936
11.776
11.968
11.744
11.712
11.328
10.88
10.88
12.288
11.136
10.944
11.104
12.288
12.288
12.288
11.872
11.488
12.096
11.104
11.808
11.104
11.968
10.848
12.224
11.168
11.744
11.776
11.84
11.2
12.288
11.872
12
11.808
10.304
10.688
10.688
10.656
10.368
12.192
12.128
11.136
11.584
11.488
11.808
11.904
11.584
11.584
11.328
10.624
10.848
10.464
10.496
10.976
10.496
11.104
12.288
11.84
12.096
12.288
12.256
10.944
10.944
11.136
11.808
11.456
10.368
12.288
11.872
10.88
11.456
11.68
11.712
11.808
11.456
10.784
10.432
10.816
11.648
11.744
10.688
10.976
10.528
11.584
10.88
11.712
11.2
11.456
10.944
11.936
10.976
11.136
11.872
12.288
12.288
11.104
11.232
12.128
12.16
12.096
12.096
11.648
11.84
10.848
11.104
11.552
11.328
11.52
11.84
12.224
12.288
10.784
10.592
10.784
10.656
10.72
10.688
10.56
10.56
11.136
11.264
11.616
11.488
11.456
11.776
11.552
11.36
12.256
12.288
12.288
12.288
11.136
11.808
11.68
11.52
11.712
12.064
10.688
12.288
11.2
10.912
12
12.032
11.584
10.336
10.688
11.072
11.616
10.912
11.968
12.096
12.288
10.496
10.88
11.168
12.288
11.552
11.392
10.4
10.656
10.784
11.968
10.56
12.288
10.688
12.256
11.872
11.424
10.432
10.816
10.816
10.656
10.24
11.104
12.288
12.288
10.944
11.584
11.36
11.616
11.52
11.808
11.712
11.488
11.616
11.456
11.68
12.288
12.096
11.424
11.488
12.16
11.488
11.776
11.552
11.424
11.328
12.16
11.2
10.368
10.56
10.912
10.592
10.432
10.464
11.776
12.192
10.752
11.072
11.552
11.712
12.288
10.976
11.808
11.616
11.648
11.808
11.04
10.816
11.552
11.968
10.816
11.168
11.072
11.456
12.096
11.84
12.288
11.904
11.456
11.68
11.456
10.688
10.88
12.288
12.288
12.096
11.2
12.16
12.032
10.432
10.88
11.04
12.288
11.04
12
11.904
12.224
11.616
12.288
11.84
18.432
10.432
12.224
12.064
11.776
10.752
12.288
10.976
12.192
10.56
10.848
11.104
10.432
10.784
11.04
10.912
12.288
11.712
12
12.032
11.648
11.872
11.488
11.872
11.328
11.776
11.328
10.592
11.008
11.84
10.784
11.104
12.096
12
11.904
11.616
11.072
11.648
10.72
10.816
10.688
10.336
11.616
11.84
11.488
11.488
10.496
10.56
10.24
11.424
10.24
12.288
12.288
11.136
11.072
10.944
12.16
11.776
10.304
10.496
11.008
12.288
10.752
12.288
11.776
11.168
12.16
12.288
12.288
10.848
10.784
11.2
11.296
11.744
11.872
11.328
11.968
11.616
12.128
11.712
12.288
11.008
11.712
