180.064
102.592
100.352
99.584
100.192
99.392
101.024
100.736
98.528
98.72
100.064
100.192
100.96
100.288
98.784
100.544
99.328
100.608
101.792
100.608
99.296
99.232
100.864
100.736
99.008
100.352
100.416
100.128
100.352
100.352
99.168
99.872
100.256
100.352
100.576
100.128
99.328
100.352
99.104
100.384
100.512
100.352
100.352
100.128
100.352
100.352
100.352
100.768
100.352
100.352
100.352
98.336
99.904
100.352
99.712
100.032
99.872
99.104
100.352
100.192
100.064
101.568
100.352
98.464
98.688
98.304
101.824
100.256
100.928
100.352
99.68
100.064
100.352
99.264
98.688
100.416
100.352
100.416
99.872
100.352
100.352
99.104
102.4
100.352
100.352
106.496
100.352
100.256
100.096
100.192
100.352
100.256
100.352
101.856
100.32
100.832
98.688
100.352
100.352
100.16
99.552
100.448
98.688
101.6
99.744
98.496
100.064
100.896
98.496
100.352
101.248
100.48
100.352
100.288
100.352
100.448
99.296
98.304
99.712
99.296
99.136
101.44
100.352
100.352
100.096
100.576
100.416
100.192
100.352
100.32
99.872
100.352
101.216
100
100.256
99.232
113.024
99.04
100.352
100
98.88
100.352
99.648
100.352
101.792
99.072
100.352
98.368
100.288
100.352
99.936
100.352
100.352
98.88
100.064
98.304
99.936
100.96
99.168
100.288
100.352
100.352
100.352
98.304
98.592
100.928
100.096
100.352
100.352
99.936
102.112
100.704
100.352
99.168
100.352
98.72
100.512
103.936
101.792
100.864
100.192
100.352
100.352
100.192
102.144
99.744
99.68
99.2
100.352
100.608
100.352
100.352
100.352
99.872
98.464
100.352
100.352
100.352
100.128
100.576
101.6
100.192
100.352
101.12
100.32
100.48
98.944
100.288
100.256
100.384
100.352
100.352
102.08
99.232
101.632
100.352
98.912
99.296
100.448
99.232
100.352
99.552
98.944
100.256
100.352
99.008
100.992
101.6
101.728
100.352
100.448
100.352
100.608
100.256
100.096
99.744
100.352
98.784
100.64
100.352
100.352
100.352
98.368
102.08
100.192
101.152
99.232
100.352
99.68
100.352
99.392
99.904
100.256
100.224
99.456
100.32
100.256
100.384
100
98.56
100.352
98.304
100.16
99.296
100.416
100.352
98.688
100.704
100.352
100.576
100.352
100.128
100.352
100.576
100.416
100.512
100.8
99.232
98.4
100.544
99.84
100.352
100.384
101.856
100.352
100.608
100.352
100.352
100.448
98.592
99.2
100.032
101.248
99.136
99.264
98.304
100.448
100.8
98.88
98.656
100.224
99.264
99.904
100.352
101.056
98.912
99.2
99.488
98.464
100.672
101.44
99.872
101.856
100.064
100.256
100.032
98.816
100.32
100.224
99.008
100.768
100.256
100.768
100.352
100.288
100.352
100.736
98.944
100.32
100.288
100.352
99.936
99.776
101.76
99.136
100.224
100.128
100.352
100.672
102.336
99.104
99.264
100
103.168
100.192
100.352
100.352
105.28
100.48
100.352
100.256
100.32
100.352
99.264
99.872
99.072
100.352
98.848
100
99.36
98.944
99.52
100.128
101.856
100.192
100.064
100.32
100.608
100.352
100.064
100.032
100.8
99.328
99.904
98.656
100.352
100.352
99.008
100.352
101.536
100.256
100.352
99.136
100.352
100.352
100.096
99.008
100.352
100.736
99.04
100.352
100
100.608
98.88
99.872
99.776
100.352
100.352
98.88
98.944
100.704
100.32
99.392
100.032
100.352
100.288
99.36
99.776
100.768
99.584
100.288
98.816
100.416
100.352
99.488
99.232
99.136
100.064
99.904
99.84
100.352
100.416
100.352
99.808
100.224
100.192
100.352
100.096
100.64
100.352
100
98.656
100.192
100.096
100.352
100.224
99.616
99.776
100.352
99.104
101.728
99.136
99.072
100.096
99.424
100.416
100.224
100.384
100.352
99.136
100.352
98.816
100.512
100.896
101.152
100.352
100.352
98.624
99.136
104.032
99.776
98.944
100.384
98.848
100.64
99.264
100.352
100.256
100.896
101.568
100.352
100.448
101.728
100.128
100.992
100.352
100.672
101.248
100.288
100.576
100.256
102.272
100.352
100.352
102.4
102.496
100.512
101.184
101.856
99.2
101.248
98.496
99.648
99.424
100.352
98.304
99.328
99.968
98.72
98.464
99.808
99.328
100.288
100
99.328
98.912
100.352
99.232
99.84
100.512
98.56
100.352
100.256
100.224
100.064
99.264
100.672
100.128
100.192
100.352
100.352
100.256
103.872
100.128
100.704
100.352
100.352
99.616
100.352
99.52
101.76
99.616
100.448
100.16
99.712
100.352
99.168
99.584
100.352
99.84
99.68
100.352
100.352
100.064
99.488
98.304
100.288
99.328
100.256
100.352
100.544
99.968
100.352
100.512
100.352
99.232
99.744
100.224
100.256
100
99.168
100.096
100.352
100.256
98.4
100.64
100.16
99.296
100.224
101.504
100.832
98.848
99.648
99.968
100.192
100.352
100.352
99.904
99.328
100.352
98.816
98.368
100.16
99.712
98.656
103.04
100.768
99.328
100.096
100.16
100
100.352
98.656
100
100.448
100.352
98.624
99.072
98.464
99.136
99.296
98.496
99.712
98.72
99.712
98.368
100.352
99.872
99.904
100.352
100.576
111.04
104.448
100.352
102.784
101.696
102.208
102.368
100.256
100.032
100.224
100.096
100.288
98.336
99.232
101.472
101.12
98.752
100.192
100.512
100.64
102.176
99.968
99.872
100.928
100.352
101.344
99.264
100.352
100.352
98.784
100.032
99.168
100.608
101.248
100
98.752
100.416
100.352
100.352
99.328
99.968
100.832
98.816
100.352
99.552
100.224
99.84
100.352
100.352
100.352
100.256
100.16
102.016
99.648
99.264
99.776
100.384
99.264
100.16
100.352
101.504
99.936
100.32
100.032
102.016
100.352
100.352
100.032
100.16
100.192
99.264
100.352
100.352
100.352
100.288
100.672
100.352
98.304
100.352
98.592
101.056
100.352
99.232
101.984
100.352
100.352
100.352
100.352
100.352
99.232
98.656
101.536
100.672
99.296
100.608
99.296
100.768
100.352
100.352
100.384
101.536
100.352
100.352
100.352
100.352
100.352
100.416
99.264
98.976
98.592
100.352
99.52
98.4
100.032
102.752
98.304
99.04
98.624
103.68
98.784
100.096
98.496
98.304
99.232
99.008
99.136
98.624
99.456
102.4
100.032
99.808
99.136
100.384
99.2
100.352
99.776
101.504
100
99.712
99.84
98.688
98.752
100.096
99.904
99.52
99.904
100
101.376
99.904
101.056
100.352
100.512
100.128
98.656
98.848
99.968
100.32
99.84
98.976
99.968
100.032
100.352
98.784
98.304
100.352
100
100.352
101.696
102.176
97.888
102.336
100.96
101.44
100.32
100.992
98.592
99.36
102.656
100.352
100.288
100.352
102.72
100.224
99.584
99.52
106.016
99.84
98.496
98.848
99.296
99.712
98.304
98.464
99.872
99.008
100.096
100.352
100.352
99.04
99.68
101.664
99.136
99.424
99.712
99.776
98.304
98.912
99.936
100.352
100.032
100.288
99.2
100.064
98.304
98.88
99.712
100.32
99.84
99.168
99.456
98.592
99.872
99.008
100.352
100.416
99.68
100.352
100.32
98.304
100.512
100.032
100.352
99.808
100.352
100.352
98.304
99.328
99.04
100
100.32
99.232
100.256
99.584
99.04
98.464
100.352
100.288
99.52
99.04
98.784
100.128
99.392
100.16
99.2
99.04
98.72
99.072
100.576
100.352
97.888
100.288
99.936
100.352
98.56
98.24
98.176
98.432
96.992
98.944
99.776
98.592
98.656
96.8
98.688
99.36
97.184
96.544
96.256
98.176
97.28
97.408
98.592
96.544
99.712
98.272
96.96
96.832
98.432
98.112
97.056
96.992
98.24
98.336
98.304
99.104
97.888
99.712
98.304
98.304
97.92
96.256
98.112
97.952
98.016
98.208
96.256
98.304
97.024
96.64
97.088
98.4
98.304
97.856
97.632
98.304
98.304
98.144
97.952
98.304
98.304
97.792
96.768
98.304
98.304
98.304
98.304
98.112
98.272
98.144
110.944
98.016
96.736
96.96
97.28
97.984
98.336
98.08
97.632
97.408
98.304
97.888
97.952
97.696
96.448
97.888
98.112
99.392
98.272
97.408
98.304
96.32
98.176
97.6
97.184
97.728
98.304
98.304
98.016
98.112
98.144
97.28
97.6
98.304
98.304
97.6
97.824
97.888
99.616
98.592
104.448
98.304
97.664
96.608
98.304
98.304
98.304
97.536
96.8
98.048
96.832
96.352
98.304
97.568
97.888
98.144
97.664
98.304
96.896
98.304
