73.024
12.832
10.88
12.288
11.744
11.36
10.24
10.528
10.464
10.208
10.24
10.528
10.464
10.24
10.24
10.368
10.24
10.432
11.904
10.24
11.296
10.24
10.208
10.24
10.624
9.152
10.432
11.296
10.24
10.272
10.368
10.24
11.296
10.24
10.816
10.304
10.24
10.72
11.328
10.24
10.464
10.24
10.72
10.368
11.264
10.24
10.24
10.752
10.304
9.216
10.72
10.272
10.752
10.272
10.24
10.656
10.816
10.72
10.56
10.176
10.528
10.24
10.368
10.304
11.328
10.24
10.336
9.952
10.24
10.72
10.24
10.4
10.272
10.24
13.632
10.368
11.392
10.24
10.24
10.272
10.56
11.392
10.24
10.24
10.272
10.24
10.24
10.24
10.24
10.4
10.624
10.24
10.432
10.624
10.24
11.264
10.24
10.4
11.424
10.304
10.272
10.56
10.24
10.24
10.24
10.368
10.24
10.24
10.24
10.336
10.304
10.24
10.24
10.304
10.24
14.496
11.776
10.72
10.24
10.464
10.528
11.296
10.24
10.24
11.296
10.24
10.304
10.272
10.784
10.24
10.4
10.496
10.24
10.368
11.424
10.24
10.912
10.304
10.528
10.496
10.24
10.336
10.912
10.24
11.392
11.552
10.24
10.112
10.368
10.24
10.528
9.152
10.464
10.304
10.24
10.272
10.432
10.24
10.336
10.784
10.24
10.24
10.432
10.24
10.24
10.176
10.24
10.24
10.24
10.4
10.24
10.464
10.24
10.272
10.4
10.528
10.432
10.24
10.464
10.24
10.336
10.496
10.24
10.432
10.272
10.24
10.464
10.208
10.24
10.272
10.24
10.304
10.24
10.176
10.72
10.24
10.784
10.24
10.4
10.24
10.784
10.24
10.4
10.24
21.856
10.24
10.24
10.24
9.088
10.24
10.24
10.272
10.048
9.12
10.24
10.272
10.432
9.888
10.08
9.984
10.432
10.24
10.208
9.056
10.656
10.24
10.304
11.328
10.272
10.336
10.24
10.304
10.656
10.688
10.24
11.648
11.296
10.112
10.24
10.304
10.24
11.328
10.208
11.488
10.24
10.336
10.24
10.88
10.464
10.4
10.528
11.552
10.24
10.496
10.432
10.24
10.72
10.592
10.24
10.784
10.528
10.592
10.656
10.24
10.528
10.4
10.24
10.272
10.4
10.912
11.296
10.368
10.304
10.24
12.064
10.24
10.368
10.368
10.24
10.592
10.752
10.24
10.24
10.368
10.24
10.24
10.304
10.624
10.24
10.24
11.744
10.816
10.24
11.424
10.24
10.752
10.368
10.432
11.36
9.984
10.24
10.272
10.528
10.4
10.656
10.752
10.24
10.24
10.56
10.432
11.552
10.24
10.432
11.296
10.528
10.24
10.24
10.432
11.328
10.752
10.24
10.688
10.272
10.24
10.24
10.432
10.24
10.272
10.336
13.44
10.24
10.24
10.336
10.528
10.24
11.36
10.368
10.464
10.24
10.4
10.56
10.24
10.304
10.24
10.24
10.112
10.432
10.24
11.488
10.24
10.336
10.304
10.24
10.56
11.328
11.456
10.24
10.656
10.304
11.296
10.496
10.624
10.24
10.56
10.816
11.296
10.304
10.56
10.24
10.24
10.4
10.592
10.432
10.24
10.656
10.24
12.992
11.296
11.264
10.336
10.688
10.464
10.24
10.592
10.272
10.56
10.624
11.36
11.328
10.432
10.848
10.208
10.24
10.208
11.328
10.24
10.304
11.328
10.24
10.464
10.24
10.432
10.56
11.392
10.24
16.288
10.464
11.456
10.24
10.496
11.424
10.24
10.368
10.24
10.24
10.272
10.272
10.368
11.68
10.24
10.272
10.432
10.24
10.24
10.24
11.552
10.24
10.592
10.432
11.328
10.24
10.464
10.24
10.24
16.32
10.656
10.784
10.24
10.24
10.24
10.24
10.24
10.592
10.24
10.176
10.592
10.24
10.368
10.464
10.336
10.24
10.304
10.24
10.4
10.24
11.264
10.336
11.264
10.24
10.24
10.752
10.304
10.24
11.072
10.144
10.24
10.464
11.264
10.24
10.304
10.496
10.304
10.496
10.24
10.272
11.648
10.24
10.24
10.4
10.112
10.72
11.392
10.24
10.656
10.4
10.4
10.24
10.592
10.272
10.528
11.264
10.24
10.24
10.24
10.336
11.392
10.24
10.304
10.24
11.264
10.24
10.24
10.176
10.24
10.304
10.368
10.432
10.24
10.304
10.304
10.24
11.36
10.336
10.24
10.304
10.24
10.24
10.24
10.592
10.336
10.304
10.432
10.432
10.656
10.24
10.24
10.528
10.24
10.336
10.24
10.304
10.624
11.52
11.584
10.24
10.432
10.368
11.264
10.848
10.368
11.392
10.24
10.24
10.528
10.24
10.496
11.584
11.808
10.24
10.752
10.432
10.24
10.496
10.24
10.4
10.24
10.24
10.272
10.656
10.4
10.368
10.464
10.56
10.24
10.752
10.4
10.528
10.24
10.752
10.368
10.24
10.24
10.496
11.808
11.488
10.4
10.24
14.56
10.688
11.52
10.24
10.72
11.296
10.24
11.84
11.52
10.24
10.24
10.528
10.24
10.4
12
10.912
11.36
10.24
10.72
10.816
10.24
10.432
10.24
10.24
10.368
10.24
10.24
10.4
10.24
10.56
10.4
10.688
10.624
10.4
11.552
10.24
10.56
10.4
10.496
10.24
10.336
10.592
10.4
10.24
10.272
11.52
10.24
10.688
10.24
10.24
10.912
11.52
10.24
10.24
10.24
10.24
10.4
10.848
10.528
10.304
10.304
10.4
10.24
10.56
11.328
11.648
10.24
10.336
11.36
10.24
11.52
10.24
10.336
11.52
10.304
11.552
10.24
10.272
10.304
10.24
10.272
10.432
10.4
10.24
10.432
10.464
10.08
10.624
10.24
10.336
11.296
10.24
10.592
10.24
10.304
10.272
10.24
10.24
10.272
11.488
10.24
10.208
11.424
10.368
10.24
10.72
10.24
10.24
10.496
10.368
10.528
10.24
10.496
10.24
10.624
10.336
10.24
10.24
10.24
10.24
10.336
10.144
10.24
10.4
11.488
10.496
10.24
10.72
10.272
10.24
10.336
10.528
10.336
10.368
10.24
10.336
10.24
10.432
11.328
10.24
10.304
10.208
10.24
10.24
10.24
12.064
10.56
10.432
10.24
11.84
10.464
10.24
10.432
11.424
10.24
10.336
10.24
10.272
10.304
10.24
10.24
10.4
10.688
10.24
10.24
10.368
10.56
10.24
10.432
10.24
10.304
10.4
10.624
16.384
11.36
10.368
10.24
10.24
10.464
10.24
10.24
10.368
10.24
10.24
10.24
10.208
10.24
10.432
10.112
10.24
10.144
10.24
10.528
10.528
11.392
10.24
10.336
10.656
10.656
11.296
10.272
10.592
10.24
10.624
11.456
10.24
11.328
10.688
11.904
10.24
10.368
10.4
10.24
10.24
10.624
10.496
10.528
10.24
10.4
9.216
10.176
10.24
10.24
11.36
10.24
11.36
10.24
10.24
10.24
10.496
10.592
10.848
10.4
10.24
10.24
10.4
10.368
10.24
10.24
10.496
10.24
11.808
10.176
10.24
10.24
10.4
11.552
10.528
11.264
10.4
10.24
10.208
10.368
11.328
11.808
10.24
10.56
10.24
10.368
10.464
11.36
10.24
11.904
10.24
10.496
10.528
10.24
11.264
10.24
10.368
11.904
10.24
10.496
10.24
10.304
10.272
10.24
10.016
10.24
10.464
10.24
10.56
10.4
10.24
10.24
10.24
10.688
10.24
10.464
10.72
10.4
10.24
11.36
10.016
9.984
9.984
10.24
9.184
9.088
10.24
10.24
10.24
9.984
9.888
10.368
9.952
10.24
10.048
10.112
10.144
10.24
10.144
9.76
9.888
10.112
10.08
10.112
10.24
9.088
10.272
10.24
11.264
9.216
10.24
10.24
10.496
9.92
10.048
10.24
9.952
10.24
10.24
10.24
9.088
9.856
25.536
10.432
11.488
11.328
10.272
10.432
10.368
10.24
10.336
10.24
10.464
10.368
10.272
10.24
10.24
10.528
10.4
11.968
10.144
10.24
10.4
10.24
11.904
10.24
10.496
9.216
10.496
10.624
10.24
10.784
11.36
10.24
10.272
10.624
11.552
10.24
11.296
10.304
10.24
10.24
10.24
10.336
11.168
10.24
10.72
10.24
10.24
10.24
11.392
10.24
10.24
10.656
10.336
10.272
10.304
10.24
10.368
10.24
10.976
10.304
10.24
10.464
10.144
10.24
10.24
10.496
10.4
10.24
10.336
11.744
10.4
10.4
11.456
10.24
10.336
10.752
10.24
10.24
10.496
11.456
10.432
11.328
10.24
10.24
10.56
10.464
10.24
10.24
