81.344
13.792
10.848
10.24
10.336
10.08
8.672
10.176
10.24
9.568
9.856
10.112
10.24
9.664
10.208
8.576
9.568
10.08
9.216
8.544
9.792
9.92
10.208
9.92
8.832
9.856
10.24
10.24
9.856
10.176
10.208
9.44
10.24
10.144
10.24
8.544
10.208
9.152
9.12
10.144
8.864
8.736
8.896
9.792
10.24
9.696
10.144
10.048
9.984
10.24
9.824
9.12
8.992
43.104
21.952
9.152
10.112
8.576
10.24
10.048
10.24
8.352
10.24
9.12
8.48
10.112
10.112
9.216
8.96
9.952
10.176
9.632
10.08
10.24
9.888
10.24
8.896
9.76
10.112
10.24
10.08
18.432
10.144
9.824
9.824
10.208
8.896
9.76
10.112
10.208
9.792
9.216
8.8
9.536
10.24
9.888
9.888
10.24
9.888
10.24
10.24
10.176
9.696
10.176
10.08
9.184
10.08
10.24
10.176
9.824
10.24
11.296
10.112
10.24
10.016
9.984
10.08
10.464
10.112
9.184
10.432
10.24
8.992
9.6
10.176
8.768
10.08
10.24
8.928
9.92
9.664
10.24
8.832
10.112
9.92
10.56
10.4
10.24
10.304
10.24
11.296
11.264
10.24
10.08
9.216
10.08
10.592
10.016
11.456
10.24
10.24
11.744
10.24
10.24
10.24
10.176
10.048
10.24
10.24
10.24
9.984
10.24
10.272
10.24
10.24
10.24
10.24
10.24
10.912
10.08
11.392
9.216
10.24
10.112
11.456
10.24
10.528
10.304
10.24
10.24
10.4
10.24
10.496
10.272
9.152
10.24
10.24
10.688
10.24
10.4
10.24
10.24
10.4
10.528
11.328
11.648
10.944
10.304
10.24
10.24
10.08
11.296
10.24
10.24
10.176
10.208
10.432
10.016
10.208
10.496
10.144
10.24
10.24
10.24
10.464
10.432
10.24
10.24
10.432
10.336
10.208
10.24
10.336
10.208
16.224
10.528
10.24
10.592
11.648
10.24
10.24
10.336
10.528
10.336
10.24
10.24
10.176
11.296
9.216
10.208
10.24
10.24
10.24
10.304
10.56
10.304
10.24
10.24
10.368
10.4
10.24
10.24
10.4
10.24
10.432
9.824
10.272
10.464
10.24
10.24
10.24
10.24
10.112
10.144
10.24
10.24
10.24
10.24
10.208
10.176
10.304
10.24
10.464
10.336
10.24
10.304
10.24
10.24
10.24
10.24
10.784
16.384
9.056
10.24
10.24
10.464
10.4
12.256
10.24
10.144
10.752
10.24
10.24
10.24
10.24
10.336
10.24
10.24
10.24
10.208
10.24
10.336
10.24
10.24
10.08
10.24
10.24
10.24
10.56
10.24
10.24
10.24
10.144
10.24
10.24
10.24
10.24
10.304
10.752
10.4
10.24
10.24
10.24
10.24
10.592
10.24
10.24
10.432
10.24
10.24
10.24
10.24
10.24
10.24
10.24
10.432
10.24
10.24
10.24
10.496
10.528
10.4
11.264
10.24
10.304
10.24
10.144
10.656
10.592
11.424
11.744
10.112
10.24
10.048
10.528
10.208
10.112
10.336
10.432
10.464
10.336
10.592
10.464
10.24
11.296
10.24
16.384
11.456
10.24
10.4
10.24
10.24
11.328
10.24
10.56
10.24
10.24
10.496
10.24
10.24
10.112
10.464
11.456
10.24
10.24
10.304
11.328
10.272
10.24
10.24
10.24
10.24
10.272
10.24
16.192
11.84
9.024
10.304
10.24
9.696
10.24
10.144
9.12
10.464
9.792
9.888
10.24
10.24
9.728
10.112
10.24
10.112
10.08
8.928
10.208
9.184
10.24
9.984
10.24
10.08
8.928
10.016
10.24
14.336
10.24
10.144
10.24
10.208
8.768
9.632
10.24
9.152
9.824
10.24
9.952
9.952
9.056
10.24
8.992
9.92
10.24
8.864
9.696
9.216
10.112
10.24
10.304
9.184
9.696
9.184
9.76
10.016
9.792
9.984
10.24
10.112
9.024
9.536
10.176
9.984
10.24
10.08
11.296
10.24
10.112
9.152
9.76
10.24
9.888
9.824
8.8
9.056
10.144
8.992
9.888
9.888
10.24
11.328
9.984
11.264
10.016
10.24
15.04
10.24
10.24
9.824
9.984
10.24
13.568
27.04
9.92
10.24
10.368
10.656
10.24
10.24
10.368
10.24
11.648
11.264
10.24
10.24
10.08
10.24
10.144
10.272
10.24
11.424
17.088
10.592
10.24
10.24
10.112
10.24
10.24
10.144
10.24
10.24
10.4
10.464
10.368
5.216
10.24
10.304
10.432
8.832
10.24
9.056
10.592
10.272
8.992
10.24
10.368
10.496
10.24
10.24
10.24
21.28
9.632
10.272
10.24
9.92
10.24
9.856
10.24
10.016
9.152
10.144
10.24
10.176
10.24
10.176
10.24
9.856
10.08
10.24
10.368
10.24
9.792
10.048
10.176
10.24
9.952
10.24
9.152
10.24
10.24
9.088
10.24
9.696
9.696
9.952
10.24
10.112
9.984
10.24
9.824
9.856
10.24
10.176
10.208
10.112
10.24
10.144
8.928
9.792
10.24
10.24
10.08
10.24
9.952
10.016
10.336
10.208
8.608
27.808
11.456
11.296
10.688
10.112
10.112
10.336
10.464
10.24
10.528
10.304
10.24
10.432
10.24
10.24
10.368
10.24
10.08
10.528
10.496
10.24
10.272
10.24
10.368
10.272
10.528
10.272
14.336
10.624
10.24
10.336
10.24
10.24
10.24
10.496
10.304
10.624
10.496
10.24
10.24
10.144
10.368
10.24
29.056
10.24
10.08
10.368
10.656
30.688
10.24
10.24
14.272
10.464
10.112
10.24
9.856
10.24
10.24
9.92
10.24
9.824
9.728
10.24
9.728
10.08
10.24
9.952
8.8
10.272
10.24
10.016
9.792
10.24
10.144
10.048
10.24
10.24
9.984
10.24
9.952
9.856
10.24
9.856
10.24
8.832
9.664
9.92
10.24
9.632
9.984
10.24
10.24
9.888
10.24
9.696
10.24
9.728
10.24
10.24
9.792
10.24
8.928
10.144
8.832
9.888
10.24
10.016
9.024
10.24
9.696
10.464
10.176
9.92
10.24
9.536
10.24
10.304
8.896
9.856
10.304
9.984
10.24
10.176
9.056
10.208
9.088
10.24
9.632
10.08
8.704
10.016
9.088
9.952
10.24
9.728
10.112
10.208
10.208
10.336
9.12
10.688
10.208
10.24
10.24
10.272
10.24
10.144
9.824
10.208
9.088
9.856
10.144
10.272
10.24
10.24
9.92
10.24
8.544
10.208
9.152
10.048
10.24
10.208
10.24
10.24
10.272
10.24
10.24
16.384
10.72
10.272
10.24
9.984
10.208
8.992
10.016
10.24
9.888
9.12
10.24
10.24
9.824
10.24
10.24
10.24
9.888
10.24
10.208
10.24
9.952
10.24
10.24
10.144
10.24
9.504
10.016
9.696
16.384
10.24
10.24
10.24
10.24
10.24
11.392
10.72
10.24
10.112
10.24
10.432
10.24
10.24
10.24
10.24
10.496
10.336
10.24
10.24
10.24
10.24
10.24
10.24
11.072
10.272
10.592
10.24
10.688
10.24
10.24
10.016
10.24
10.24
9.76
9.696
10.24
10.144
9.952
10.24
10.24
9.952
10.24
10.24
10.176
10.208
8.992
10.24
9.024
9.952
10.24
10.016
10.24
10.24
9.632
10.208
9.088
9.888
9.088
9.888
10.144
8.928
9.984
10.24
10.08
10.208
10.24
10.24
10.464
11.68
10.24
9.888
10.24
9.824
10.24
9.984
10.24
8.832
10.24
9.056
10.24
10.176
10.048
9.088
9.984
10.144
14.624
10.24
10.144
8.992
9.92
10.24
10.24
9.76
10.24
9.76
9.888
10.24
9.024
9.856
10.176
9.216
9.92
10.048
10.24
9.664
10.24
9.856
10.112
9.856
10.016
9.184
9.76
9.664
10.24
10.176
10.496
10.24
9.664
10.016
9.024
9.728
10.016
10.272
10.24
10.048
10.24
9.408
9.536
10.24
22.528
24.96
10.24
9.632
9.984
9.088
10.24
8.8
10.016
10.24
8.864
9.632
9.92
10.24
9.088
10.24
9.088
9.92
10.24
8.928
9.632
9.888
10.24
10.24
8.896
9.824
9.728
10.24
9.504
10.24
9.984
9.792
10.24
8.8
10.08
10.24
10.112
9.696
10.24
8.928
9.824
9.12
10.08
10.304
10.176
10.24
9.184
8.672
9.984
10.048
10.24
10.24
9.952
9.696
10.048
9.056
9.92
9.792
9.696
10.24
9.792
10.24
8.608
10.016
9.056
8.992
9.792
10.208
8.8
10.272
10.24
10.08
10.24
14.88
10.208
10.24
10.24
9.12
