71.68
14.112
12.128
11.328
11.424
10.528
11.872
11.552
10.56
10.464
10.784
10.24
10.336
10.624
10.816
11.744
10.528
10.784
12.064
11.648
10.656
11.968
10.752
10.4
10.912
11.616
11.392
10.24
11.328
10.24
10.72
10.624
10.24
10.24
10.464
10.72
10.816
11.36
10.24
10.24
10.848
11.552
10.24
10.4
10.528
10.72
10.784
11.488
10.336
11.072
10.784
10.624
10.24
10.24
10.272
10.624
11.904
10.72
10.944
10.688
11.328
10.24
10.24
10.72
10.24
10.464
10.688
11.584
11.52
10.24
10.24
10.592
11.328
10.24
10.24
10.4
10.976
11.424
10.24
10.24
10.528
10.24
11.616
11.616
10.24
10.24
10.464
10.56
10.24
11.488
11.456
10.24
10.24
10.688
11.968
11.552
10.752
10.848
11.584
10.272
10.496
10.24
10.336
10.24
11.552
10.24
10.304
10.688
11.744
11.648
11.424
10.656
10.24
10.24
10.24
10.272
10.752
10.752
11.424
10.24
10.944
10.304
10.24
10.24
11.36
10.624
11.36
11.552
10.976
10.752
11.808
11.424
11.392
10.24
11.616
11.36
10.848
10.72
10.944
10.72
13.92
11.52
10.784
11.648
10.848
12.288
11.296
10.816
12.064
10.24
11.968
10.464
10.24
11.904
10.24
11.232
11.808
10.784
11.872
10.688
10.624
12.128
10.624
12.224
10.272
11.168
11.04
11.488
11.616
10.88
11.456
11.968
11.744
10.528
11.36
10.688
11.136
10.56
10.72
10.688
10.528
11.488
10.24
11.36
11.68
10.976
10.816
10.656
10.848
10.592
10.72
10.528
10.912
10.752
10.24
10.368
10.24
10.24
10.496
14.592
10.848
10.56
11.744
10.88
10.4
11.36
11.392
11.68
11.008
10.944
10.912
10.688
10.656
10.656
10.88
10.496
10.4
10.72
10.656
10.688
10.24
10.24
11.424
11.776
12.192
10.656
10.528
10.72
10.528
11.264
11.168
10.816
10.784
10.496
11.872
11.072
11.68
10.72
10.752
11.04
10.656
10.24
10.464
11.648
10.912
10.848
11.712
10.944
10.624
11.328
11.392
11.776
10.336
10.24
10.24
10.24
10.24
11.744
10.784
11.776
11.872
10.688
10.496
10.72
10.496
10.624
10.272
10.24
11.744
11.04
10.656
10.816
10.752
10.368
10.432
11.392
11.456
10.528
11.616
11.712
10.592
10.944
10.912
10.432
10.336
10.432
10.272
11.776
11.36
11.52
7.232
10.24
10.24
10.976
10.784
10.464
11.808
10.592
11.488
10.624
11.712
11.776
10.816
10.336
10.24
11.392
11.264
11.616
11.68
10.688
10.24
11.584
10.72
10.432
11.712
11.424
11.552
10.944
10.56
11.872
11.008
10.624
10.24
10.24
12.032
10.912
10.528
10.848
11.968
10.784
10.752
10.24
11.648
10.816
10.752
11.776
10.592
12.096
10.24
11.616
11.616
11.552
11.04
10.944
10.752
10.4
11.712
11.712
10.976
11.904
10.432
10.56
10.624
10.848
11.328
11.872
10.688
10.784
10.752
10.752
10.688
10.336
10.24
11.456
10.24
10.24
10.24
11.872
10.592
10.24
10.24
10.272
11.648
11.808
10.752
10.848
10.784
10.368
10.24
16.384
11.808
11.072
11.264
11.264
10.24
11.84
10.784
10.24
15.968
12
10.336
10.24
12.128
10.784
10.88
10.88
11.424
11.328
11.488
10.752
11.872
10.72
10.304
10.368
10.368
11.264
11.456
11.456
11.264
11.584
11.52
10.88
10.4
10.304
10.24
11.776
10.464
10.304
10.24
10.24
11.744
10.88
10.656
11.808
10.976
10.24
10.24
10.24
12
10.976
10.784
10.528
10.944
10.496
11.296
10.24
10.24
11.584
12
11.648
11.776
10.912
10.848
10.784
10.24
10.24
10.24
11.744
11.904
11.872
10.4
10.24
11.84
10.752
10.24
10.24
10.24
11.456
12
10.752
11.808
11.008
10.656
10.24
10.24
11.392
11.616
10.88
10.784
11.104
10.752
10.24
10.912
10.528
10.816
10.592
10.272
10.464
10.24
10.24
11.424
11.744
10.88
10.944
10.816
10.848
10.464
10.56
10.592
10.24
11.488
11.52
10.784
10.56
11.36
10.24
11.424
11.584
11.712
11.456
11.584
10.624
11.392
11.68
11.712
10.688
10.336
10.304
10.528
10.656
10.336
10.24
11.584
12.032
10.912
10.88
10.24
11.488
11.68
12.128
11.04
10.688
10.272
11.296
10.24
10.24
11.456
10.752
11.808
11.776
10.752
10.912
10.944
10.624
10.4
10.56
10.368
10.432
10.24
11.328
10.24
11.872
10.752
10.464
10.528
11.456
11.136
10.592
10.624
10.304
11.52
11.808
10.56
10.816
10.752
11.04
10.72
11.84
10.752
10.784
11.712
10.976
11.392
12.288
11.552
11.168
11.36
11.136
10.848
11.872
10.24
10.24
11.2
11.264
10.272
12.224
10.592
11.872
11.712
10.592
12.032
11.584
10.528
11.456
11.808
11.136
11.52
13.92
12.16
12.256
11.84
11.52
10.944
10.656
11.68
11.712
10.72
12.288
11.584
10.88
11.616
11.008
11.296
10.688
11.648
11.136
11.904
11.296
11.456
11.072
12.16
12.032
10.912
11.552
11.104
10.304
11.2
12.064
11.68
10.24
10.24
10.304
11.968
10.752
10.72
10.944
10.368
11.392
11.616
11.456
11.648
11.744
11.776
11.712
11.296
10.88
11.104
10.752
10.24
11.648
11.296
11.744
10.464
10.72
10.784
10.72
14.4
10.56
10.24
11.488
11.712
11.136
10.784
10.816
10.464
10.656
10.24
10.24
11.648
10.848
10.72
10.88
10.624
10.4
10.368
10.24
10.56
11.552
11.168
10.56
10.272
10.752
10.368
11.744
11.744
11.936
10.816
10.912
10.24
11.68
11.616
10.528
10.368
11.488
10.816
10.304
10.336
11.84
10.752
10.816
10.24
10.976
10.56
11.488
11.008
10.272
10.24
11.328
11.008
11.104
10.368
10.912
10.944
10.432
10.24
11.776
16.16
10.304
10.24
11.68
11.84
10.944
10.848
10.688
10.912
10.784
11.296
11.296
11.392
10.976
10.24
10.816
10.24
10.24
11.36
11.744
10.432
11.488
11.744
11.936
10.624
11.68
11.744
11.488
10.624
11.68
15.2
10.752
10.656
11.36
11.584
10.816
11.776
10.944
11.328
11.744
10.784
10.464
10.72
10.656
10.24
11.936
10.72
10.72
11.648
10.752
10.88
10.368
12.288
10.784
10.24
10.24
12.16
10.816
10.24
11.04
11.616
12.032
10.816
10.912
10.624
10.912
10.752
10.24
10.976
10.912
10.464
10.24
11.424
10.976
10.4
10.304
11.84
11.84
10.528
10.24
10.784
10.912
10.24
11.872
10.912
10.88
10.752
12.224
10.624
10.336
10.912
10.656
11.616
11.04
10.752
10.24
11.584
11.936
10.24
10.24
10.656
10.912
10.752
10.24
11.968
10.912
10.592
10.24
11.904
10.72
10.272
11.392
11.712
10.24
10.336
10.4
10.24
10.24
10.144
10.4
16.384
10.56
10.368
10.24
10.24
10.24
10.24
10.432
10.08
10.24
10.368
10.368
10.24
11.328
10.24
10.24
10.24
10.368
10.24
11.392
10.464
10.432
10.24
11.328
10.4
10.24
10.336
10.4
10.24
10.592
10.304
10.24
10.24
10.24
10.24
10.336
10.24
11.68
10.272
10.24
10.4
10.24
10.272
10.624
10.24
11.36
10.496
10.24
10.336
10.368
10.24
10.304
10.304
10.304
9.088
10.272
10.304
10.24
10.24
11.584
10.368
10.432
10.24
11.296
10.432
42.4
10.24
10.464
10.24
10.592
10.24
10.528
10.56
10.24
10.624
10.24
10.432
10.304
10.24
11.616
10.368
10.24
11.392
10.368
10.24
10.24
10.56
10.368
10.24
11.552
10.272
10.24
10.368
10.432
10.624
10.24
10.496
10.24
11.456
10.688
10.24
11.36
10.24
10.24
10.24
10.304
10.336
10.24
11.328
10.4
10.336
10.24
10.272
10.432
10.496
10.24
10.464
10.336
10.24
10.24
10.4
10.944
10.24
11.424
10.784
10.592
10.784
11.712
10.272
10.24
10.624
10.912
11.744
10.24
10.24
10.752
10.624
10.24
10.24
10.528
10.88
11.776
10.496
10.688
10.592
11.776
11.36
10.24
10.304
10.4
10.24
10.272
10.496
10.752
11.584
16.384
11.36
10.24
14.72
11.904
10.528
10.24
10.24
10.496
10.656
10.784
10.624
11.68
10.688
11.296
10.24
10.24
10.464
10.24
