131.2
54.752
51.072
50.848
59.68
57.664
50.656
51.68
59.296
51.424
57.504
58.048
58.624
59.616
58.72
51.392
57.6
58.4
52.032
59.584
51.68
57.792
51.744
57.6
58.432
58.304
58.592
57.856
57.92
58.08
59.616
52.064
52.384
58.304
58.496
59.2
57.376
58.272
57.6
58.144
59.2
58.272
59.232
57.408
58.208
58.816
57.888
58.688
57.28
57.472
58.4
57.44
57.76
57.792
57.92
58.24
57.664
59.776
58.912
59.904
58.208
59.264
57.664
50.592
57.152
58.112
59.264
57.856
57.28
51.616
57.632
58.752
57.824
57.408
57.472
58.848
57.248
58.72
58.112
58.272
58.592
58.816
58.656
59.488
57.152
58.176
57.376
57.44
58.944
58.144
58.752
58.528
58.176
59.232
56.896
59.36
57.728
58.752
57.344
59.488
59.456
57.504
59.168
57.152
57.728
58.08
58.08
58.528
58.944
51.616
59.04
59.072
58.272
58.848
57.888
51.552
60.416
51.584
59.808
58.56
53.856
58.624
58.848
61.472
57.024
57.6
57.888
58.016
59.36
59.328
58.592
58.784
59.776
57.184
58.496
58.784
58.56
59.744
79.104
58.784
57.792
51.424
51.968
58.976
58.112
59.2
58.784
51.616
57.312
53.888
58.016
58.88
59.392
57.92
58.272
58.912
59.232
57.92
59.744
57.408
51.2
51.68
57.312
58.144
57.952
59.328
57.408
58.464
58.4
51.36
60.192
57.696
52.48
58.208
57.536
52.16
58.112
58.656
59.104
52.448
59.008
58.912
57.28
58.112
57.632
58.592
58.56
59.808
57.312
52.32
59.52
59.296
51.616
58.272
56.448
54.112
59.84
58.848
58.816
59.136
57.696
58.4
57.888
59.328
51.072
58.208
58.08
51.328
58.272
53.856
59.2
59.168
59.392
51.552
59.616
53.024
57.792
59.808
51.168
59.552
59.68
58.08
57.152
59.104
59.904
58.848
59.04
58.336
58.688
51.872
59.648
58.816
60.128
58.528
59.392
57.984
57.856
58.304
59.616
59.68
57.504
58.336
57.216
57.856
58.208
57.376
60.096
58.656
57.888
58.56
51.424
50.976
52.736
59.168
59.424
51.424
59.168
58.976
57.664
57.504
57.984
57.312
58.016
58.08
57.248
58.464
58.688
59.584
59.072
58.336
52.384
58.56
57.536
59.616
58.432
59.68
57.76
57.6
58.016
57.216
59.456
57.728
57.6
57.216
57.248
57.664
59.072
59.584
52.512
57.312
59.2
58.816
56.992
58.816
59.36
58.368
57.568
59.04
59.488
51.104
57.92
59.488
57.984
56.608
58.496
57.312
58.496
57.344
58.016
56.96
58.784
52.096
58.56
53.024
59.36
58.144
57.952
59.168
58.912
57.888
57.568
58.72
59.488
56.864
59.104
52.704
52.064
57.376
58.656
59.008
60.16
51.776
57.984
58.784
57.472
59.008
58.976
57.824
57.952
50.784
58.56
59.008
59.68
57.856
58.56
51.36
58.4
58.944
57.6
58.592
57.824
57.664
58.752
59.136
58.656
58.944
51.776
58.432
57.824
57.472
58.656
57.696
58.848
57.056
59.936
59.68
59.136
57.44
51.52
58.944
56.896
57.76
59.2
59.072
57.312
57.824
56.064
58.976
59.488
58.144
58.144
57.824
57.216
58.72
56.96
58.88
57.184
65.984
58.72
57.312
59.296
58.496
58.208
58.656
58.144
57.696
55.2
57.696
52.032
57.472
58.592
57.888
57.44
51.552
58.816
51.264
51.84
59.648
57.44
59.104
59.456
57.344
57.728
59.808
57.92
57.632
52.512
58.272
57.504
59.168
59.072
57.44
59.616
58.976
57.184
59.424
57.728
58.656
51.104
59.552
57.536
58.912
59.232
50.72
58.592
58.336
52.224
57.728
57.312
57.856
58.72
59.456
57.152
58.752
58.912
57.44
57.856
59.008
58.464
57.536
58.912
58.848
58.944
57.28
58.304
57.984
56.832
57.792
57.376
58.24
58.784
52.8
57.376
57.44
57.408
58.176
59.36
56.992
57.376
57.728
59.296
57.376
58.144
58.464
58.112
57.504
58.464
51.552
58.88
58.752
57.568
57.344
57.216
66.272
58.08
58.336
59.968
58.176
59.04
58.016
57.952
58.816
51.808
57.184
57.856
58.144
59.616
57.312
59.2
57.408
57.376
59.008
56.128
58.528
58.784
59.04
59.168
57.344
59.264
59.296
58.208
57.568
57.952
57.312
57.664
59.84
59.04
58.592
58.56
57.216
51.52
59.648
57.12
57.824
51.456
57.728
58.016
59.2
59.04
58.688
57.184
59.584
58.784
58.976
52.096
59.968
57.376
57.536
59.68
57.92
58.304
58.464
59.104
58.016
51.808
56.288
51.712
58.848
57.952
57.984
57.504
57.472
57.664
59.104
57.856
57.408
58.944
58.88
58.592
66.208
58.208
57.76
58.368
59.136
57.568
57.92
58.08
58.624
59.968
58.144
59.744
59.36
57.888
59.264
58.24
57.312
58.048
60.032
57.664
59.744
52.128
57.056
59.328
52.16
59.072
53.76
57.376
58.432
59.2
59.008
58.208
56.288
58.72
57.728
58.72
57.632
57.216
59.424
69.728
58.144
57.664
57.696
56.992
57.344
58.592
59.904
58.304
58.88
58.656
58.272
58.784
57.856
58.752
57.76
59.456
57.92
52.32
58.464
58.56
58.528
59.008
58.304
58.752
57.568
52.32
57.632
54.112
59.392
57.664
57.664
59.392
58.624
58.4
58.432
58.4
58.496
59.168
58.464
58.112
57.152
58.784
58.88
59.584
59.456
51.36
59.36
58.272
57.44
58.272
58.592
51.36
57.76
52.256
57.152
58.88
57.376
57.408
59.424
57.6
57.472
57.504
58.016
57.152
58.848
51.52
58.432
58.048
61.504
57.536
56.672
58.816
58.976
59.552
51.488
58.208
56.896
58.08
59.84
59.2
58.88
59.616
58.432
58.368
57.408
59.456
58.88
58.304
59.136
58.144
57.536
58.272
57.952
59.616
60.256
59.552
51.328
57.856
59.744
58.944
59.264
57.696
60.096
57.536
57.632
58.752
57.056
57.44
58.816
58.784
56.288
58.144
57.344
60.032
57.28
58.496
59.328
57.088
59.808
60.224
58.432
58.112
57.792
58.88
57.248
57.216
59.232
58.88
58.72
57.312
59.232
59.584
57.504
59.584
57.408
58.4
57.664
57.184
58.176
59.04
58.464
58.784
58.08
57.408
58.24
59.008
57.92
60.224
57.248
58.4
57.344
58.4
59.36
55.392
58.752
58.528
58.272
58.016
59.648
57.28
59.52
57.984
59.104
58.304
57.536
59.36
58.912
58.528
59.008
58.496
58.784
59.456
70.72
59.36
51.488
58.176
59.104
52.288
59.008
58.72
60.064
59.68
58.208
59.008
57.728
57.92
57.728
57.024
57.152
58.048
56.608
59.712
57.696
58.048
59.68
57.824
57.856
51.968
51.04
57.632
58.272
58.368
58.88
58.56
56.832
53.6
57.28
58.72
59.264
58.88
58.624
59.776
57.376
58.4
58.944
57.984
59.264
57.472
59.36
58.592
57.088
57.248
58.56
58.048
58.048
58.016
51.84
57.472
60.192
57.472
57.6
58.304
59.36
52.448
54.144
59.84
58.208
58.144
59.04
58.144
51.232
57.216
57.728
59.936
57.28
59.04
52
57.408
59.328
58.848
58.912
57.408
51.68
58.24
58.208
58.016
58.624
58.656
58.656
59.104
59.392
51.84
57.92
59.2
58.112
57.568
57.6
57.6
57.6
58.624
51.36
57.728
51.488
58.4
51.616
57.728
57.6
55.616
59.136
56.384
59.232
58.72
53.056
51.552
51.584
51.168
50.816
59.84
58.816
51.744
58.784
59.808
51.04
57.28
58.816
58.848
57.856
52.576
58.816
58.656
59.68
57.888
57.824
59.296
57.696
58.912
51.136
57.408
57.824
58.336
57.952
57.28
57.696
57.536
59.584
58.848
58.72
59.072
57.728
57.44
57.632
57.344
57.216
59.712
59.456
59.04
59.52
57.312
58.528
59.36
57.152
60.512
51.872
59.04
59.232
57.888
57.632
51.296
58.144
52.192
58.912
57.792
58.048
57.92
57.088
58.656
58.784
57.088
57.408
60.032
58.272
57.344
57.184
58.272
58.112
58.4
57.28
58.016
57.696
58.656
56.992
57.376
58.496
58.528
56.928
57.984
58.496
58.976
58.464
59.168
57.152
58.4
52.32
57.824
58.464
59.936
59.072
56.928
57.728
58.24
51.2
59.68
58.176
58.336
58.912
57.536
58.464
57.728
57.44
57.632
51.84
60.096
57.984
58.304
57.696
58.496
58.336
57.088
57.824
58.88
57.728
