71.488
17.056
16.032
14.336
14.336
14.336
14.336
14.336
15.488
14.528
21.28
14.336
14.208
14.336
14.304
14.336
14.336
14.336
14.336
14.048
14.112
13.248
14.048
14.464
14.336
14.464
15.36
14.336
14.336
14.336
14.336
14.336
14.464
14.336
14.4
14.432
14.336
14.4
14.304
14.336
14.336
13.248
14.336
15.552
15.616
14.336
14.336
14.336
14.016
14.016
14.432
14.112
14.336
14.336
14.336
14.432
14.336
14.56
14.336
14.336
14.208
14.208
14.144
14.336
14.336
14.304
14.176
14.272
15.52
14.144
15.424
13.28
14.336
14.4
14.144
14.336
14.72
14.336
14.336
14.336
13.984
14.336
14.336
14.208
14.336
14.336
14.336
13.984
14.304
15.392
14.144
14.048
14.336
14.144
14.432
14.336
14.528
14.4
14.528
14.336
14.112
14.304
14.336
14.336
14.336
14.016
15.52
13.088
14.336
14.272
14.336
14.336
14.304
14.496
14.624
14.048
14.336
14.208
14.368
14.336
14.496
14.272
14.336
14.208
14.336
14.176
14.368
14.144
14.304
14.336
14.336
14.304
14.272
15.488
15.584
13.216
14.464
14.336
14.336
14.336
14.208
14.336
13.824
14.336
14.304
14.336
14.336
14.08
14.336
14.336
14.336
14.336
14.24
14.368
14.4
14.336
14.336
14.112
14.304
14.336
14.208
14.336
15.36
13.28
14.368
14.272
14.336
14.336
14.016
14.336
14.112
13.152
15.392
14.56
14.4
14.752
14.336
14.336
14.24
14.336
14.336
14.336
16.384
14.336
14.336
14.336
15.392
14.368
14.336
14.336
14.144
13.312
14.208
14.24
14.336
14.528
14.336
14.336
15.072
14.336
14.08
14.144
14.336
14.176
14.496
14.432
14.336
14.784
14.336
14.24
14.176
13.216
13.248
19.264
14.336
14.336
14.304
13.12
14.144
14.336
14.24
14.336
14.336
14.272
14.464
14.4
14.272
14.336
14.336
14.528
14.336
14.336
14.4
14.368
14.464
14.496
14.176
14.176
14.336
14.336
14.752
14.336
14.176
14.336
14.464
14.336
14.4
14.144
14.048
13.984
14.336
14.336
14.208
14.272
14.464
14.208
14.336
14.336
14.336
14.336
14.464
14.048
13.088
14.176
14.304
13.984
14.176
13.12
14.176
13.152
14.208
14.24
14.464
14.336
14.144
12.928
14.4
14.336
14.24
14.336
14.336
14.528
14.496
14.144
14.112
14.336
14.336
14.304
14.72
14.336
14.496
14.208
14.336
14.336
14.304
14.336
14.496
14.24
14.176
14.368
14.336
14.08
14.24
14.272
14.528
14.272
14.176
14.496
14.272
14.656
14.24
13.184
14.592
13.984
14.336
14.336
14.112
14.336
14.592
14.336
14.304
14.304
14.144
14.4
15.744
14.24
15.744
14.048
14.336
13.312
14.336
14.304
14.336
14.272
14.336
14.688
13.056
13.216
14.336
14.336
14.208
14.336
14.4
14.336
14.272
13.856
14.304
14.208
14.272
14.24
14.336
14.336
14.176
14.24
14.336
14.336
15.36
14.496
14.496
14.048
14.304
14.176
14.176
13.792
14.336
14.336
14.336
14.336
14.112
22.08
14.912
14.336
14.336
14.336
14.336
14.368
14.368
14.336
13.312
13.28
14.336
14.304
14.304
14.336
14.272
14.336
14.112
14.336
14.272
14.208
14.432
14.176
14.08
14.24
14.56
14.336
14.336
14.144
14.048
14.432
24.448
14.4
14.208
14.336
14.336
14.336
14.336
14.336
14.336
13.28
14.336
14.336
14.336
14.336
14.336
14.112
14.24
14.336
14.336
14.272
14.336
14.336
16.384
14.336
14.304
12.992
14.208
14.208
14.4
14.208
14.272
14.336
14.24
14.336
14.336
14.336
14.336
14.24
14.208
14.432
14.816
14.176
12.896
14.112
14.336
14.336
14.336
14.336
14.176
14.144
14.24
14.336
14.336
14.336
14.336
13.248
14.016
14.336
14.464
14.336
14.304
14.336
14.496
15.648
14.176
13.984
14.176
15.456
14.336
14.336
14.336
15.584
14.304
14.592
14.08
14.176
14.336
14.336
14.368
14.336
14.336
14.272
12.768
13.696
14.016
13.312
14.08
13.056
13.632
14.336
13.728
13.312
14.144
14.336
14.336
14.336
14.336
14.24
14.304
14.048
14.336
14.08
14.56
14.304
14.496
14.272
14.176
14.336
14.336
14.048
13.28
14.112
14.336
13.824
13.984
12.96
14.336
14.272
14.08
13.024
14.112
14.336
13.664
14.336
14.336
14.24
14.336
14.336
14.336
14.336
14.336
14.528
14.176
14.24
14.368
14.176
14.272
14.208
14.208
13.312
14.496
14.016
14.336
14.336
14.336
14.304
14.176
14.208
14.336
14.336
14.336
14.336
14.336
14.336
14.208
14.304
14.4
14.336
14.272
14.144
14.24
14.56
14.688
14.336
14.336
14.368
14.496
14.24
13.28
14.112
14.08
14.336
14.496
14.496
14.144
14.176
13.28
14.176
14.336
14.144
14.144
14.304
14.336
14.336
14.336
14.496
14.336
15.84
13.856
13.696
12.864
14.336
13.952
14.336
14.336
14.176
14.272
14.336
14.336
14.176
14.336
14.336
14.336
14.336
14.336
14.272
14.208
14.336
14.336
14.336
14.336
14.24
14.688
14.336
14.336
14.336
14.336
14.336
14.336
14.336
14.336
14.368
14.176
13.12
14.208
13.12
14.08
14.4
14.496
14.336
14.336
14.144
14.336
18.272
14.336
14.624
14.24
13.28
14.336
14.336
14.336
14.336
14.336
14.336
14.432
14.336
14.336
14.336
14.336
14.432
13.216
14.72
14.624
14.336
13.152
14.208
14.336
14.272
14.272
13.984
14.144
14.336
14.336
15.04
20.48
14.304
14.24
15.552
14.208
14.336
14.304
14.176
14.752
14.208
14.176
14.176
14.368
14.432
14.144
14.112
14.464
14.336
14.336
14.336
14.336
14.336
14.272
14.144
14.048
14.08
14.144
14.336
14.24
14.112
13.184
14.336
14.336
14.336
14.336
14.336
14.144
14.336
14.336
14.336
14.336
13.216
14.208
14.336
15.904
14.24
12.992
14.336
13.92
14.336
14.304
14.432
14.336
14.336
14.336
14.336
14.432
14.368
14.304
14.208
14.336
14.304
13.152
14.336
14.208
14.24
13.888
14.336
14.336
14.368
14.24
14.176
13.12
14.336
14.336
14.336
14.336
14.112
17.248
14.24
14.048
14.144
14.144
15.552
14.112
14.496
13.28
14.272
14.304
14.4
14.016
14.528
14.336
14.336
14.368
14.336
14.336
14.336
14.176
14.752
14.464
14.368
14.016
14.208
14.336
14.336
14.336
14.304
13.728
19.936
14.368
14.432
13.088
14.176
14.368
14.336
14.336
14.336
14.336
14.336
14.336
14.336
14.336
14.336
14.336
14.368
14.336
14.336
14.24
14.432
13.056
14.208
14.336
14.272
14.112
14.08
14.336
14.304
13.216
14.336
19.584
14.176
14.336
14.336
14.336
14.336
14.144
14.336
14.336
14.336
14.336
14.336
14.336
14.304
14.336
14.336
15.392
14.048
14.08
14.176
13.248
14.208
13.088
14.464
14.496
14.56
13.056
14.208
14.144
9.152
14.336
14.336
14.336
14.336
14.336
14.336
14.496
14.336
13.312
14.368
14.336
14.208
14.496
14.336
14.336
14.336
14.528
14.336
14.464
14.112
13.28
14.336
14.336
14.336
14.336
14.368
14.176
13.92
14.368
15.488
14.336
14.336
14.336
14.144
14.112
14.016
14.272
14.496
14.304
14.176
14.464
14.272
14.336
14.336
14.336
14.336
14.208
14.208
14.336
14.176
13.888
14.176
14.336
14.336
14.144
14.432
14.08
14.144
14.144
14.336
14.464
14.144
13.824
14.336
14.336
14.336
14.496
14.272
13.248
14.272
14.336
14.336
14.24
14.528
14.336
14.464
14.336
14.336
14.176
14.784
14.336
14.336
14.336
14.336
14.336
14.336
14.208
14.432
14.048
14.336
14.432
14.208
14.112
14.304
20.768
14.272
13.184
14.4
14.336
14.144
13.984
14.016
14.496
14.144
14.144
14.08
14.112
14.304
14.4
14.336
14.848
13.952
14.336
14.336
14.208
14.016
14.176
14.016
14.336
13.216
14.272
14.272
14.336
14.24
14.304
20.416
14.336
14.336
13.312
14.144
14.336
14.336
14.336
14.176
14.336
14.464
15.424
14.08
14.272
14.176
14.272
14.336
14.688
14.336
13.248
14.336
14.336
14.336
14.592
14.336
14.336
14.336
14.336
14.336
14.336
14.336
14.336
14.272
15.584
14.112
14.336
14.144
14.208
13.248
14.048
13.248
