69.92
14.496
18.432
12.192
10.944
10.304
10.24
10.24
10.112
10.4
10.464
9.152
10.24
10.24
10.24
10.24
10.432
10.496
10.24
10.24
10.208
10.272
11.232
11.808
10.24
10.08
10.72
10.016
10.24
10.272
10.24
11.488
10.56
10.336
10.24
10.24
10.24
10.432
10.336
10.56
14.272
10.144
10.304
8.768
10.24
10.048
11.36
10.24
10.752
10.432
10.528
10.08
10.432
10.24
10.048
10.016
10.24
10.24
10.816
10.24
10.24
10.24
10.144
10.56
10.24
10.624
10.432
10.368
10.24
10.24
10.432
10.464
10.24
10.24
10.592
10.24
10.24
10.24
10.144
10.24
10.24
10.24
10.656
10.048
10.24
10.24
16.384
10.24
10.176
10.24
10.24
10.016
10.496
9.216
10.176
10.4
10.24
10.272
10.176
10.112
10.24
8.864
10.272
10.144
10.08
10.176
10.24
10.048
10.24
10.272
10.464
9.952
10.368
10.496
10.24
14.336
11.328
10.24
10.24
10.24
10.464
10.24
10.144
10.048
10.496
10.24
10.24
8.864
10.432
11.52
10.24
10.048
10.24
10.24
9.184
10.08
10.144
10.24
10.144
10.112
10.24
10.24
10.176
10.048
10.24
10.24
10.272
10.24
10.24
10.24
10.272
11.456
10.464
10.368
9.088
10.24
10.048
10.24
10.592
9.984
10.24
10.368
10.144
10.24
10.336
10.24
10.24
10.048
10.272
10.016
10.24
10.24
10.144
11.552
10.24
10.24
10.24
10.176
9.12
10.24
10.016
10.24
10.24
10.208
10.304
10.144
10.336
9.92
10.24
10.272
10.208
10.24
10.048
11.328
10.24
9.984
10.24
10.112
10.24
9.952
10.208
10.176
10.24
10.24
10.24
10.624
10.24
10.56
10.24
10.272
9.952
10.24
10.24
10.112
10.24
10.24
9.92
11.424
10.24
10.336
9.984
10.24
11.424
10.24
10.24
10.24
10.208
10.88
8.896
10.24
10.208
11.584
10.24
9.152
8.896
8.736
9.792
9.952
9.888
10.112
10.24
10.24
8.832
8.608
9.728
10.016
9.792
10.112
10.24
9.568
9.472
9.696
9.856
10.24
10.24
10.208
8.768
8.832
9.568
9.824
16.384
10.304
9.632
10.24
10.24
10.368
10.336
10.336
10.144
10.24
10.24
10.304
10.24
10.24
10.112
10.304
10.24
10.24
10.144
10.208
9.056
10.24
10.464
10.24
10.304
10.208
10.24
10.24
10.528
10.24
10.272
10.336
10.24
10.24
10.24
10.528
10.24
10.24
10.24
10.24
10.144
10.208
10.304
10.24
10.464
10.336
10.176
10.24
12.288
10.528
10.4
9.184
10.784
10.24
10.24
10.24
10.24
10.784
10.528
10.24
10.24
10.24
10.24
10.144
10.24
10.176
10.208
10.24
11.232
10.24
10.24
10.24
10.56
10.4
10.336
10.656
10.24
10.24
10.24
10.24
10.24
10.048
10.816
10.4
11.744
10.368
11.456
10.24
10.24
10.24
10.4
10.304
10.4
11.52
10.24
11.36
10.24
10.24
10.24
10.08
10.528
10.304
10.24
10.24
10.24
11.296
11.424
10.24
10.624
10.144
10.24
10.24
10.72
21.216
10.4
9.056
10.272
10.24
9.824
10.24
9.152
10.08
10.112
10.24
10.144
10.24
10.144
10.24
9.92
10.208
9.088
10.208
10.208
10.24
9.664
9.6
10.176
10.24
10.016
9.216
8.896
10.336
10.24
8.8
9.824
9.952
10.24
10.112
10.24
10.144
10.24
9.856
10.24
9.792
10.144
10.24
9.696
10.112
10.24
9.92
10.24
9.952
10.24
8.576
10.336
10.24
10.208
10.24
9.12
10.336
10.048
10.24
9.824
10.112
10.24
9.824
10.24
10.176
9.984
10.24
9.856
10.048
9.152
9.76
10.176
9.152
10.144
10.24
9.888
9.984
10.24
10.144
10.24
8.544
10.112
10.24
9.888
9.984
10.24
9.792
14.528
10.24
9.824
10.24
9.76
9.6
10.24
9.984
10.24
9.856
10.208
10.24
9.856
9.088
9.728
10.112
10.24
8.672
9.792
9.952
10.24
8.864
10.24
10.016
9.088
9.088
10.24
10.208
9.728
9.92
10.272
8.896
10.176
10.176
10.304
10.112
9.184
9.92
9.92
10.208
10.112
10.144
10.24
8.832
9.856
9.12
10.144
10.24
9.664
10.24
10.24
9.12
9.728
9.856
10.24
10.24
9.184
10.112
10.24
10.176
10.272
8.864
9.696
9.824
10.24
10.24
9.824
10.176
9.92
10.24
10.176
9.184
9.472
9.984
10.24
9.76
10.048
10.24
10.112
10.24
10.24
10.24
8.8
10.208
10.24
10.08
10.24
9.184
9.12
10.24
9.856
9.952
10.24
9.856
10.24
8.96
10.368
9.184
9.824
10.24
9.056
10.112
10.24
9.984
10.144
10.24
10.112
9.184
9.76
10.24
9.024
9.888
9.824
10.24
8.928
9.92
10.016
10.24
10.048
10.08
8.928
10.176
9.792
10.24
9.088
9.76
9.824
10.24
10.144
10.08
9.216
11.488
10.592
10.432
10.24
10.4
10.464
10.24
10.24
10.24
11.488
11.296
10.24
10.24
10.464
10.624
10.656
18.432
10.432
10.592
10.24
10.24
45.28
10.432
11.36
10.464
10.24
10.24
10.528
11.616
10.24
18.432
10.4
10.24
10.432
10.688
10.4
10.24
10.592
10.24
10.272
10.24
10.336
10.624
18.816
11.456
10.304
9.024
10.784
10.656
10.24
10.24
10.56
10.848
10.4
8.96
10.24
10.208
10.24
10.24
10.24
10.24
10.24
12.064
10.688
10.528
10.592
10.304
10.528
11.008
10.24
10.24
10.272
10.24
10.272
10.656
10.304
10.24
10.24
10.24
10.208
10.336
11.328
10.24
10.24
10.432
10.752
10.656
10.368
10.368
10.24
10.24
10.24
10.368
10.56
11.264
10.432
10.816
10.272
10.432
10.592
16.768
10.24
10.4
10.304
11.424
10.4
11.328
10.24
10.24
10.24
10.304
10.24
10.464
10.24
10.24
10.24
10.24
10.24
10.24
10.368
10.592
10.272
10.24
10.752
10.496
10.912
10.72
10.336
11.392
11.552
10.24
10.24
10.24
10.24
10.24
10.24
10.432
10.272
10.24
10.24
10.272
10.88
10.368
10.24
10.208
10.24
10.4
10.88
10.048
10.24
10.24
10.336
10.24
11.488
10.432
10.4
10.24
11.584
10.592
10.624
10.688
10.464
11.264
11.36
10.784
10.24
10.24
10.24
10.464
10.24
10.24
10.24
10.24
10.24
10.24
10.24
10.24
10.208
10.624
10.4
10.24
10.24
10.4
10.4
11.328
10.24
10.24
10.784
10.432
10.336
10.24
10.24
10.24
11.488
10.24
11.36
10.24
10.24
10.464
10.24
10.72
10.24
10.24
10.464
10.656
10.88
11.456
11.488
11.552
10.272
10.24
10.368
10.24
10.24
11.264
10.176
10.24
9.952
10.24
9.92
10.144
10.24
9.92
10.336
9.952
10.24
10.24
10.24
10.336
10.24
9.824
10.144
10.24
10.432
10.24
9.76
10.24
10.24
9.92
10.208
10.24
9.984
9.856
14.336
10.24
10.24
10.24
10.24
10.24
9.184
10.24
10.304
10.24
10.816
10.24
10.24
10.24
10.56
10.24
10.24
10.24
10.496
10.304
10.08
10.24
10.176
10.24
10.208
10.272
10.528
10.176
16.384
10.432
11.808
10.464
10.336
10.336
10.24
10.432
10.24
10.24
10.24
10.272
10.4
10.048
10.24
10.24
10.24
10.336
10.272
10.656
10.24
10.24
10.208
10.272
11.36
10.24
10.24
10.304
10.56
10.528
10.624
10.304
10.528
11.392
10.24
11.424
10.24
10.24
10.336
11.296
10.176
10.24
11.488
10.208
10.24
10.272
12.928
10.816
10.4
11.264
9.984
10.24
10.112
11.424
10.24
10.24
10.24
10.336
10.528
10.24
10.528
10.112
10.24
10.24
10.24
10.464
10.24
10.368
10.528
10.24
10.24
10.24
10.336
10.528
10.24
10.432
11.616
10.24
10.432
10.336
10.24
10.24
10.144
10.24
10.304
10.112
16.256
10.24
10.208
10.24
10.144
10.24
10.24
10.304
10.24
10.496
10.496
11.328
10.528
10.336
10.208
10.24
10.272
10.112
11.296
10.24
9.792
10.368
10.272
10.24
10.24
10.208
10.24
10.24
10.24
10.24
10.24
10.24
10.112
10.24
10.528
10.048
10.432
9.184
10.432
10.688
9.088
10.272
10.24
10.24
10.592
9.856
10.24
10.24
10.464
10.176
10.144
10.24
