86.016
24.576
20.48
18.912
18.944
18.432
19.712
18.72
20.48
19.744
18.432
18.432
17.12
18.4
18.368
19.808
18.176
18.432
18.528
18.432
18.432
18.528
18.56
18.624
18.688
18.4
17.952
18.432
18.592
18.624
18.976
19.936
18.304
18.432
18.176
18.432
19.712
18.752
18.432
18.4
20.128
18.56
18.88
18.656
18.432
18.432
18.432
18.432
19.456
18.72
19.52
18.848
18.624
18.656
18.624
18.432
18.912
18.88
18.88
18.848
18.688
18.656
18.752
18.432
19.68
18.432
19.872
18.816
19.488
18.56
18.976
20.128
18.784
18.432
19.552
18.464
19.776
18.432
18.432
18.432
19.04
19.552
18.72
18.656
19.584
18.56
24.576
19.52
19.04
19.488
18.816
18.432
18.88
18.432
18.88
18.56
18.432
19.552
18.432
18.432
19.776
18.432
18.976
18.432
18.432
18.432
18.88
18.56
18.432
18.432
18.432
18.496
20.224
18.464
18.368
18.432
20.192
18.656
18.816
18.432
18.432
19.008
18.432
18.432
18.688
18.688
18.464
19.68
18.752
18.432
19.872
18.72
19.808
19.584
19.104
18.432
19.52
18.464
19.52
18.432
18.432
18.432
18.24
19.328
18.72
19.744
18.432
18.432
19.2
19.648
19.808
18.432
18.432
18.848
18.432
19.456
19.04
18.432
19.968
18.72
18.432
20.128
18.432
18.432
18.848
18.688
18.432
18.432
18.688
19.552
18.304
18.656
18.432
19.552
18.432
18.432
18.432
18.976
18.432
19.008
19.712
18.688
18.688
18.496
18.624
18.624
18.432
18.816
18.432
19.68
19.616
18.72
18.432
19.52
24.576
18.56
18.496
18.432
18.592
18.784
18.784
18.432
19.712
18.752
18.432
18.72
18.464
18.432
18.432
18.784
19.072
18.432
18.72
18.592
19.808
18.432
19.584
19.104
18.816
18.432
18.912
18.848
18.464
19.776
19.168
20
20.032
18.432
18.432
18.432
18.432
19.776
18.88
18.56
20.288
18.432
18.432
18.624
19.744
18.816
19.488
18.56
18.72
19.968
18.432
18.432
18.432
19.552
19.808
18.432
18.56
18.432
18.432
19.744
18.432
18.432
20.128
18.432
18.432
19.488
18.432
18.432
18.432
18.432
19.808
18.432
13.312
18.72
18.432
18.816
19.52
19.68
19.68
18.432
19.488
18.688
18.432
19.2
18.816
18.432
18.592
18.432
18.688
18.432
19.616
19.776
19.136
18.432
20.128
18.688
18.784
18.432
18.784
18.432
18.432
18.432
18.496
19.136
18.592
18.688
18.528
20.352
18.496
18.432
18.432
18.432
18.624
18.688
18.656
18.656
18.528
20.064
18.592
18.88
18.432
18.432
19.648
20.192
18.432
19.488
18.784
18.656
18.432
18.432
19.488
19.744
18.432
18.432
19.968
18.432
19.52
18.528
18.784
19.68
18.432
18.784
18.912
18.432
18.624
18.656
19.52
18.432
18.432
18.944
18.624
19.552
18.656
18.176
19.84
18.464
18.432
18.432
19.616
18.624
18.432
20.032
19.488
18.592
18.432
18.752
18.432
18.432
18.432
18.464
18.848
18.656
19.2
19.584
18.432
19.456
18.432
18.432
18.432
19.648
19.968
18.432
19.552
19.168
18.56
18.496
18.4
18.432
18.432
19.904
18.912
18.432
18.752
18.432
18.656
18.656
18.784
18.432
19.072
18.432
22.528
18.72
18.432
17.344
18.432
18.432
18.4
18.432
18.432
17.312
17.28
18.336
18.624
18.112
18.432
18.272
18.432
18.464
18.336
18.24
18.528
18.784
19.68
18.432
18.368
18.208
18.464
18.432
18.432
18.432
18.88
18.24
19.456
18.304
18.368
18.336
18.432
18.496
18.432
18.432
18.464
18.432
18.432
18.528
18.432
19.616
19.584
18.432
17.984
18.816
18.688
18.432
18.432
18.432
18.432
18.432
18.432
18.272
18.432
18.432
18.432
18.432
19.168
18.496
18.304
18.432
18.4
18.432
19.552
18.432
18.304
18.592
18.272
18.432
18.176
18.816
18.432
18.432
18.368
18.144
18.432
19.616
18.4
18.56
18.432
18.496
18.432
18.432
18.24
18.4
18.432
18.208
18.432
18.432
18.432
18.432
18.24
18.272
18.432
18.592
18.592
18.688
18.4
18.432
18.4
18.208
18.432
18.432
18.304
18.368
18.432
18.688
18.432
18.432
17.408
18.432
18.432
18.432
18.432
17.184
18.432
17.312
18.432
18.24
18.144
19.488
19.488
17.408
18.144
18.432
18.528
18.72
19.84
18.816
19.744
18.496
18.432
18.432
18.432
18.432
18.432
18.56
18.432
18.432
18.432
22.656
18.432
18.432
18.432
19.808
18.496
17.184
18.208
18.368
18.432
18.336
18.24
18.528
18.432
18.336
18.432
18.624
18.528
18.496
18.4
18.432
17.184
18.56
18.336
18.432
18.336
18.304
18.592
19.52
18.432
18.4
18.432
18.528
18.304
18.432
17.12
18.688
18.496
18.272
18.24
17.312
18.432
18.464
17.152
14.048
18.432
18.24
18.368
18.432
18.432
18.432
18.432
18.432
18.432
18.336
18.304
17.152
18.432
18.368
18.368
18.176
18.304
18.208
17.344
18.112
18.912
18.432
18.208
18.432
18.688
18.24
18.4
18.432
18.304
18.496
18.432
18.336
18.08
17.376
18.304
18.688
18.432
19.648
18.432
18.24
18.336
18.144
18.432
18.432
18.624
18.24
18.272
18.336
18.528
18.304
18.432
18.432
16.96
19.456
17.376
18.272
17.952
18.432
18.272
18.432
18.432
18.496
18.912
18.432
18.464
18.304
18.432
18.176
18.432
18.528
18.048
18.176
18.432
18.272
18.176
18.112
18.432
18.56
17.312
17.984
18.336
18.272
18.656
18.592
18.688
22.528
18.368
18.432
18.176
18.272
18.432
18.656
18.432
17.984
34.72
18.432
18.432
18.464
18.88
18.72
18.432
19.2
22.368
18.432
18.432
18.432
18.432
18.432
18.432
18.432
19.616
18.432
18.432
19.616
18.848
18.72
20.48
18.464
19.488
19.68
18.432
19.584
18.432
18.432
18.432
18.464
19.648
18.592
18.752
18.656
18.464
18.304
19.008
18.496
18.432
18.432
18.656
18.496
18.432
18.432
18.432
19.68
18.72
18.432
19.552
18.56
18.432
19.072
18.816
18.432
19.68
18.56
18.432
18.432
18.784
18.784
18.432
18.432
18.432
18.432
18.432
18.368
18.592
18.432
18.816
18.624
18.432
19.552
18.432
18.432
18.432
19.68
18.784
19.808
19.968
18.816
18.432
18.432
18.656
19.616
18.432
19.488
18.432
18.432
19.552
18.656
18.432
18.432
19.488
18.72
18.432
18.752
19.616
18.432
19.712
18.432
18.432
19.232
19.488
19.072
18.656
18.464
19.488
18.816
18.432
18.432
18.432
18.432
18.432
18.688
18.464
19.104
18.208
18.656
18.816
19.552
18.432
19.04
18.784
18.816
18.432
19.552
20
18.432
18.4
19.808
18.464
18.432
18.432
18.432
18.4
18.304
18.432
18.176
18.176
18.464
17.376
18.08
18.336
18.304
18.208
18.432
18.208
18.368
18.4
18.432
17.344
18.368
18.432
18.144
18.432
18.272
18.432
18.432
18.336
18.24
18.144
25.376
18.688
18.336
17.408
18.432
18.432
19.936
18.304
18.432
18.432
18.336
18.432
18.336
18.432
18.432
18.432
18.56
19.616
18.208
18.432
18.432
18.624
18.528
18.432
18.176
18.272
18.496
18.272
17.024
18.432
18.432
18.368
18.56
18.432
18.624
18.688
18.56
18.816
18.688
18.56
19.584
18.432
18.432
19.52
18.464
18.432
18.4
18.176
18.432
18.496
18.496
18.432
19.488
18.432
18.432
18.432
18.432
18.432
18.432
14.336
18.688
18.624
18.912
21.504
18.816
19.68
19.808
19.456
18.432
18.784
19.456
18.784
18.624
18.432
18.432
18.432
18.432
18.72
18.432
19.168
18.368
18.496
18.432
18.528
18.816
18.432
18.432
18.752
18.432
18.432
18.432
18.432
19.648
18.432
18.432
20.48
18.432
18.528
18.496
18.688
19.84
19.584
18.432
18.432
18.432
18.432
19.776
18.432
18.432
18.56
18.944
19.968
18.752
19.808
19.584
18.432
18.432
18.688
18.528
18.752
18.656
19.04
18.432
18.432
18.592
18.624
18.976
18.656
18.496
18.72
18.432
18.528
18.528
18.656
18.56
18.592
18.624
19.68
18.72
18.432
18.432
22.56
19.808
18.496
18.72
18.432
19.808
18.464
18.624
18.432
18.432
18.432
18.432
18.432
18.432
18.656
18.624
18.528
18.912
