81.92
22.56
18.432
18.944
18.144
18.432
18.368
18.464
16.384
15.552
15.392
14.336
14.624
15.84
14.336
14.848
15.424
14.464
14.336
14.336
14.816
15.52
14.336
14.336
14.336
14.432
15.456
14.336
14.464
14.336
14.528
14.336
14.304
14.656
14.336
14.56
14.336
14.56
14.368
15.52
14.336
15.456
14.944
13.312
14.208
14.336
14.336
14.336
14.144
14.336
14.336
14.048
14.08
14.432
14.336
14.4
14.144
14.112
14.336
15.456
14.592
14.336
14.336
14.112
14.336
13.28
18.88
14.336
13.248
14.208
14.336
14.336
14.112
14.336
14.24
14.016
13.184
14.048
14.336
20.192
16.8
17.024
21.792
14.976
18.432
14.336
15.936
14.912
19.808
16.352
16
14.336
14.336
15.072
17.824
14.336
14.336
15.04
18.432
14.336
14.336
14.432
14.112
16.128
20.16
16.384
14.848
19.648
14.336
14.336
15.52
16.128
14.336
19.168
20.48
14.336
18.848
15.552
19.04
14.88
17.792
14.272
14.976
19.808
14.56
15.744
14.144
18.336
14.336
17.632
16.16
14.56
16.032
14.656
16.288
14.336
14.336
14.464
14.528
14.528
14.336
20.32
20.48
16.384
15.456
16.384
14.56
15.264
16.32
14.88
14.4
14.784
16.32
15.648
20.48
16.896
18.432
20.352
16.032
16.768
20.32
14.336
15.84
19.36
20.768
21.088
15.936
15.392
14.336
19.584
15.584
14.496
13.312
16.416
16.96
20.416
14.688
16.384
14.336
18.144
16.192
20.48
14.88
14.592
16.256
19.936
15.104
20.48
20.928
15.392
14.336
16.32
16.544
15.744
19.552
15.648
14.816
15.648
18.432
14.816
14.336
15.072
14.784
16.384
16.32
14.88
20.288
14.56
15.04
14.336
14.432
20.48
15.648
15.712
16.32
15.008
14.336
20.48
20.48
18.432
15.488
20.384
14.336
14.336
20.448
8.896
14.592
16.384
14.816
16.192
14.496
15.424
14.496
18.24
16.384
20.48
15.232
20.48
15.04
15.52
15.968
9.024
14.336
20.864
14.528
14.4
16.288
15.616
19.456
20.16
14.624
21.056
24.576
15.2
19.872
14.944
19.008
14.4
14.56
18.816
15.648
18.848
14.624
18.752
14.304
14.336
20.448
20.448
19.648
14.816
15.744
15.008
14.4
12.736
15.136
20.48
15.52
19.136
15.168
14.912
14.336
19.808
14.336
14.304
20.256
15.456
16.032
18.656
14.304
14.56
15.52
14.88
15.552
15.296
14.336
18.432
15.136
14.496
20.48
14.848
14.944
20.416
14.592
16.032
15.04
17.888
14.528
14.784
14.112
15.136
14.336
14.592
14.624
15.872
14.848
18.432
14.4
14.24
15.584
15.584
15.04
17.024
20.256
16.352
19.392
14.848
17.408
18.24
14.336
16.192
14.176
16.512
15.2
14.816
14.336
15.072
18.848
14.304
14.336
18.432
14.336
14.336
14.24
16.128
13.312
14.336
14.176
14.336
14.336
14.304
14.048
14.144
14.336
14.464
14.336
14.176
14.336
14.336
14.72
15.488
14.336
14.752
14.464
14.336
14.4
14.56
14.336
14.528
14.336
14.624
14.336
14.752
14.528
15.392
14.432
15.456
14.336
14.656
15.488
14.336
14.848
14.464
14.336
15.52
14.336
15.264
15.904
14.336
14.4
14.816
14.336
14.72
15.584
14.336
14.4
20.768
15.008
14.496
14.976
14.464
14.336
14.176
19.616
15.744
13.792
15.36
14.144
14.592
14.336
18.432
14.688
14.816
14.336
14.464
14.336
14.144
14.336
14.144
14.432
20.48
19.232
14.336
14.272
13.184
14.336
14.048
13.248
14.336
14.304
15.52
14.336
14.368
14.336
14.208
14.336
14.08
19.904
20.448
20.48
15.904
14.336
14.208
19.328
15.84
16.192
15.968
15.584
17.056
18.432
14.464
20.48
15.872
15.2
15.84
18.432
15.488
20
16.384
14.944
15.2
16.192
20.512
18.432
16.384
14.816
14.72
14.336
15.328
16.384
18.432
16
14.336
16.576
18.272
14.336
20.224
15.488
14.336
15.328
14.56
15.424
15.648
18.88
14.944
20.416
20.8
14.624
16.384
19.008
15.648
14.656
14.656
19.904
14.88
15.584
16.064
15.232
16.16
14.72
20.544
15.072
14.88
16.512
15.648
16.224
14.336
16.256
19.392
15.936
15.168
14.848
15.872
16.448
15.36
20.48
14.656
14.624
19.52
20
15.424
20.736
15.904
16.384
14.848
14.336
15.296
21.664
15.648
21.536
20.48
14.976
18.432
14.752
14.592
16.192
15.616
20.704
14.56
14.592
14.784
19.168
15.232
15.392
16.032
16.032
14.656
14.496
20.48
15.456
14.56
14.336
14.336
16.32
14.464
19.04
15.264
15.488
16.096
20.32
15.712
18.432
14.88
20.192
15.296
16.352
20.064
20.096
14.688
16.384
16.384
15.808
15.616
15.04
14.528
14.336
14.336
14.528
15.648
14.336
16.16
14.336
14.592
14.336
14.88
14.336
15.872
14.496
14.464
14.336
14.528
14.336
15.072
14.592
14.464
14.624
14.336
14.368
14.464
15.456
14.656
14.336
14.336
14.528
15.648
14.336
15.584
14.336
14.72
14.496
14.56
16.384
16.48
16.576
16.544
17.6
16.864
16.704
16.64
18.016
17.664
16.608
18.112
16.416
16.992
17.44
17.728
17.984
17.856
16.48
16.608
17.6
17.632
17.632
17.728
17.536
17.632
16.416
17.408
17.536
17.472
16.672
17.152
17.504
18.24
17.184
18.208
18.016
18.016
17.408
16.384
16.448
17.056
18.048
17.088
18.048
17.76
17.824
16.8
16.832
16.544
18.24
17.088
18.432
16.736
17.664
17.632
16.576
16.48
16.928
17.088
17.088
17.888
16.704
17.248
17.312
17.088
18.304
17.568
17.792
17.984
17.856
17.6
17.856
16.96
18.208
17.888
17.728
16.544
16.8
17.056
18.432
17.088
16.416
17.6
17.152
16.896
18.016
15.136
14.336
14.464
17.888
18.048
18.208
17.984
18.432
18.432
17.952
14.592
14.752
14.368
14.624
16
14.72
14.336
14.336
15.744
14.464
14.432
15.456
14.336
15.36
14.464
14.336
14.432
14.56
14.496
14.336
14.688
14.464
14.336
14.816
15.552
14.336
15.648
14.336
15.392
14.624
14.336
14.4
15.52
14.56
14.336
14.656
14.624
14.432
14.528
14.336
14.4
14.336
14.336
14.432
14.496
14.24
14.4
14.464
14.304
14.368
14.336
14.336
14.624
14.336
14.336
14.336
14.336
14.368
14.432
15.552
14.336
14.88
14.336
14.112
14.336
14.304
14.336
13.216
14.336
14.752
14.336
14.336
15.04
15.552
14.432
14.336
14.336
14.304
14.336
14.336
14.72
14.336
14.336
14.336
15.552
14.24
14.336
14.368
14.336
14.336
15.552
14.336
14.688
18.432
14.336
18.624
22.528
22.528
16.192
14.336
14.208
14.08
14.016
14.336
14.24
14.336
14.336
13.184
14.016
14.336
14.08
14.272
14.336
34.24
20.48
20.48
16.736
15.488
15.424
15.456
14.592
14.464
14.528
15.424
14.336
15.488
14.496
14.048
15.392
14.528
14.368
14.688
15.488
14.624
14.432
16
14.336
14.464
20.48
20.704
20.576
20.768
15.136
14.464
14.528
14.336
14.656
15.36
14.336
14.496
14.368
15.392
15.776
14.336
14.848
14.336
14.592
14.336
15.456
14.432
21.664
20.896
20.48
16.384
14.336
14.496
15.424
14.368
14.208
14.752
15.936
14.336
14.272
14.592
14.56
14.304
14.336
15.68
14.464
15.584
14.336
14.656
14.336
15.36
14.336
15.392
14.72
14.336
28.448
18.624
20.48
20.96
20.48
15.616
15.52
15.36
14.336
14.4
14.464
14.336
14.496
15.552
14.336
14.336
14.336
14.432
14.336
14.336
14.88
14.688
14.56
14.752
15.776
14.592
14.336
14.592
14.4
14.4
14.88
14.88
20.48
20.48
19.36
20.48
20.48
16.384
14.624
15.552
14.336
15.744
14.336
14.336
14.464
14.336
41.504
21.6
16
14.336
14.72
14.656
17.888
15.136
16.384
14.912
16.032
14.816
16.128
14.592
18.432
18.432
14.336
14.688
20.512
14.4
15.2
16.384
15.424
18.432
14.336
14.944
15.648
14.496
14.336
15.328
14.432
20.32
14.336
15.2
14.336
14.336
15.232
14.336
14.624
15.36
17.248
16.384
15.584
20.288
15.232
16.096
14.336
17.824
14.848
16.384
14.336
14.56
20.416
20.672
15.712
14.784
16.032
15.136
15.424
