114.496
31.936
29.376
29.312
36.768
29.12
29.152
28.736
29.472
37.088
36.576
36.832
34.848
35.968
37.056
29.088
36.64
29.408
36.768
35.616
36.544
36.8
35.808
35.968
36.288
36.416
36.032
36.032
35.552
36.256
28.672
36.096
29.568
28.736
36.96
37.536
34.464
36.096
35.136
36.288
36.256
35.936
35.968
34.944
35.872
37.344
35.584
35.072
35.84
36.736
35.808
36.8
36.192
35.936
35.232
28.576
35.712
35.776
37.248
36.32
36.8
35.68
35.104
35.584
37.6
35.712
36.896
36.512
36.256
36.224
29.248
37.216
36.416
34.368
35.552
35.968
36.16
36.32
36.544
36.608
35.552
35.232
29.568
37.28
36.544
28.384
36.416
36.96
29.12
36.832
28.864
29.536
36.192
37.44
29.376
36.224
36.8
30.4
36.832
28.64
36.384
36.992
36
35.296
36.288
36.256
35.936
36.032
36.32
35.488
29.536
36.512
36.704
37.024
36.192
36.48
34.496
36.8
36.48
36.128
36.64
36.896
37.216
36.128
36.32
36.8
35.712
37.472
35.84
36.768
35.52
35.712
36.128
36.032
35.392
37.28
36.096
36.096
36.224
36.128
37.248
36.576
36.704
35.904
35.904
36
33.92
36.192
36.256
35.68
36.32
36.864
36.032
35.008
35.264
36.096
34.88
35.872
36.352
37.152
35.648
35.456
35.84
35.008
36.384
35.648
36.288
36.48
28.704
29.344
36.864
28.352
36.192
35.872
28.608
36.096
36.384
29.344
36.448
31.904
36.448
37.056
36.992
28.64
29.152
37.312
37.952
37.024
37.312
29.92
37.376
30.688
35.456
36.64
36.128
37.76
37.056
29.856
36.928
28.384
36.288
36.544
36.384
36.864
36.224
36.16
35.488
36.192
36.768
37.184
36.32
36.576
35.744
37.12
36.8
36.48
36.224
36.8
37.056
35.104
36.544
36.512
37.056
29.568
35.744
28.608
36.864
36.416
28.608
36.352
36.288
36.896
35.456
37.376
37.056
37.088
36.448
37.088
36.576
35.936
36.256
36.736
36.512
34.752
37.408
29.088
37.6
35.776
35.84
36.768
29.44
35.456
36.768
36
36.256
36.832
37.6
37.024
35.52
36.96
36.448
36.896
35.328
35.84
36.512
36.736
35.776
28.416
36.64
36.384
28.608
36.256
35.84
37.28
35.744
36.832
36.16
36.544
31.552
29.152
36.832
28.576
35.456
29.12
36.704
28.608
36.032
37.216
36.576
35.936
29.088
29.76
33.696
28.864
37.28
36.416
29.152
29.408
28.928
29.952
28.96
35.648
38.08
37.12
28.832
28.544
37.024
29.472
29.344
36.768
37.728
29.568
36.8
36.672
29.312
36.384
35.84
29.504
36.352
36.288
29.728
36.992
37.952
36.736
36.416
36.928
28.512
35.2
36.864
35.2
29.376
35.776
29.088
35.968
29.952
36.128
36.96
36.032
29.024
36.8
37.568
28.448
36.544
29.344
36.576
36.416
37.152
36.64
35.968
29.152
37.824
35.808
36.576
36.704
36.224
28.832
28.544
35.616
29.6
37.312
36.64
37.92
36.8
36.672
30.112
37.472
29.056
36.448
37.056
36.672
29.408
35.36
35.968
36.288
35.52
36.512
36.192
37.408
36.992
29.76
36.992
37.44
36.576
36.8
35.968
36.416
35.904
35.584
36.576
35.456
35.552
36.64
34.784
35.872
35.904
36.224
35.84
36.288
36.224
36.256
36.032
37.312
34.272
36.448
36.096
36.256
36.608
35.328
36.096
35.392
36.352
36.416
36.096
36.416
36.48
35.424
36
28.544
35.36
35.552
35.456
36.544
36.736
35.616
36.064
36.96
37.312
34.848
36
36.736
35.52
36.928
36.064
35.488
36.64
35.776
36
28.448
31.072
36.48
36.544
35.552
35.968
34.624
36.8
37.024
35.84
36.448
36.096
35.712
37.12
35.776
35.936
36.288
35.808
36.096
29.28
37.312
36.224
35.936
36.896
36.512
36.352
30.24
36.512
28.672
36.096
36.48
37.376
36.48
35.616
36.32
28.864
35.296
37.664
28.448
35.904
35.968
35.2
36
36.416
36.288
36.256
36.032
35.776
36.032
37.12
36.192
35.648
36.256
34.56
36.704
37.28
36.064
37.216
28.96
29.408
29.216
29.824
36.448
36.576
28.896
37.024
36.384
29.6
36.576
36.096
36.384
37.088
37.024
37.696
36.704
35.264
36.768
35.072
35.168
36.256
36.416
36.896
35.808
36.704
35.776
36.768
35.84
29.184
36
35.488
37.856
35.648
36.448
36.384
36.128
36.096
29.28
28.8
35.392
36.32
36.48
37.12
35.744
36.8
35.904
36.448
35.968
34.848
35.712
36.288
36.832
36.224
37.088
35.712
37.312
36.128
36.512
28.064
36.48
29.152
29.664
36.8
36.512
36.096
35.232
36.192
36.928
35.904
29.216
36.064
29.12
35.2
36.16
36.736
37.12
34.848
36.736
34.528
35.712
36.256
34.976
36.832
35.552
36.448
35.808
36.064
29.632
35.968
37.312
29.216
36.064
36.384
36.512
35.872
34.912
35.424
36.064
36.096
30.208
36.416
36.224
36.608
35.104
36.256
35.616
35.456
28.48
34.656
35.36
35.552
37.088
36.256
36.064
36.448
35.84
36.192
36.416
36.32
37.28
36.64
29.056
35.168
36.608
35.52
38.08
35.552
36.192
35.552
36.16
29.248
37.024
28.608
37.216
36.64
36.64
35.648
35.904
35.616
36.704
35.552
36.896
36.608
36.512
35.488
36
36.128
35.392
36.224
36.544
36.832
29.12
35.936
36.352
29.408
35.776
37.28
35.968
37.568
36.896
29.376
36.48
35.808
29.024
28.224
36.576
29.312
29.824
36.064
29.856
36.864
34.272
36.704
35.936
29.504
37.184
36.16
29.12
29.664
36.864
28.896
35.584
36.736
36.288
36.416
35.712
29.312
37.184
28.896
29.28
37.664
35.872
37.056
36.544
29.088
29.088
37.184
36.672
36.736
37.984
37.248
29.184
36.032
36.736
29.632
29.088
35.488
28.864
37.6
36.064
29.184
36.992
36.128
36.992
36.768
29.696
29.76
37.76
35.936
28.736
36.896
35.2
29.088
36.64
28.928
29.984
36.832
29.568
36.32
36.448
29.056
36
36.608
29.28
36.16
36.64
28.864
27.68
29.248
29.152
36.704
35.328
29.504
36.448
36.096
36.768
29.376
35.968
29.248
36.352
37.504
36.096
34.72
35.744
36.992
36.544
36.352
36.96
35.968
36
36.48
36.576
36.064
36.48
36.544
36.384
34.912
35.232
36.192
36.192
36.256
35.84
35.168
36.192
37.184
36.864
35.904
36.928
36.704
36.384
29.664
35.456
36.064
34.752
36
35.808
35.36
35.36
36.128
36.48
34.336
36.992
36.928
36.672
35.552
34.816
35.712
36.032
36.352
35.872
36.032
36.192
36.096
36.576
37.216
36.096
35.552
35.968
36.704
36.864
35.808
36.096
36.832
34.912
36.96
35.296
36.8
35.296
35.392
35.616
36.032
36.832
36.48
35.072
36.928
37.088
35.584
34.816
35.552
37.152
36.384
36.352
36.64
36.064
35.968
37.792
36.224
36.064
36.256
36.224
36.896
36.224
34.848
36.544
35.68
36.16
36.128
37.184
36.224
36.064
36.256
37.312
36.544
36.352
35.328
35.84
36.896
35.072
36.48
34.848
36.832
35.68
36.16
35.84
34.592
36.16
36.608
36.608
35.36
35.808
34.656
35.872
36.96
36.16
35.424
37.056
35.584
28.544
35.712
35.104
36.256
35.392
36
36.256
37.056
35.616
35.488
35.68
36.608
35.904
35.936
36.32
35.936
36.416
35.584
36.576
36.032
29.472
37.248
35.936
35.776
36.384
35.68
36.48
35.872
35.904
36.768
37.248
35.488
34.592
35.488
34.72
29.536
36.032
36.64
36.192
35.68
36.64
36.224
35.52
35.52
36.064
37.536
36.416
35.456
35.872
36.416
36.864
37.408
35.776
36.832
35.744
36.192
36.576
29.76
35.072
36.96
36.192
35.712
36.256
35.52
36.544
35.712
34.976
35.808
35.968
36.576
35.904
36.32
35.936
35.264
35.232
36.448
36.608
35.04
36.16
36.512
34.72
35.36
35.776
35.776
35.68
36.256
36.032
35.68
35.712
36.096
34.88
36.736
35.328
35.648
53.504
36.352
36.8
37.472
35.424
35.52
36.352
35.808
36.288
35.712
34.784
35.776
35.52
36.544
35.808
37.344
36.544
36.256
36.704
35.904
35.424
36.544
36.064
36.064
35.744
36
36.096
35.872
36.288
35.808
36.224
35.616
35.424
