79.136
20.224
17.344
18.144
17.344
17.12
17.056
17.216
17.696
18.08
17.856
18.432
16.928
17.376
16.896
17.216
16.736
18.08
18.048
16.384
16.416
17.088
16.832
17.792
18.176
16.512
16.384
16.672
16.544
17.184
17.248
16.64
16.736
18.24
18.432
16.768
17.728
17.568
17.056
16.384
17.024
17.952
17.472
17.44
16.768
18.144
17.888
16.864
16.704
18.432
17.376
17.312
16.448
18.08
18.016
17.152
16.384
16.896
17.056
17.472
17.728
18.24
17.664
17.44
17.536
16.704
17.088
17.728
17.408
17.408
16.384
17.792
18.176
16.8
17.792
17.12
18.144
17.856
18.048
17.408
17.408
17.632
18.016
18.432
17.344
16.384
18.368
16.992
16.864
16.544
16.64
17.632
18.432
16.768
17.504
17.536
17.568
17.76
17.184
16.864
16.832
17.6
16.96
16.736
16.416
16.384
17.76
16.672
16.608
12.16
17.344
17.056
18.048
16.8
16.544
18.112
17.216
17.28
16.832
18.432
16.864
17.024
18.144
17.984
17.984
16.832
17.184
16.736
16.576
16.64
17.152
16.512
16.384
17.76
18.144
17.76
17.856
16.544
17.792
17.824
16.992
17.152
16.832
17.216
17.024
17.856
17.184
16.64
17.024
18.272
17.76
16.864
17.952
16.512
16.992
16.768
17.504
17.664
16.384
18.4
17.408
17.92
17.696
16.896
17.12
17.568
18.112
16.384
16.768
16.896
17.248
16.736
16.448
17.984
21.952
17.6
16.864
16.384
16.96
16.768
34.528
16.736
16.832
17.472
16.512
16.672
16.608
18.048
18.112
17.632
16.768
17.12
16.384
17.664
17.248
16.608
17.248
16.384
17.536
16.896
17.984
16.928
17.248
17.216
16.576
16.8
16.384
17.408
17.28
16.64
17.6
16.384
16.96
17.696
17.408
17.152
18.4
16.576
16.448
17.536
16.576
16.512
16.48
16.896
16.8
17.632
17.792
16.896
18.24
16.448
18.016
17.824
17.536
18.112
16.992
16.672
17.088
17.44
17.568
17.76
16.576
18.144
17.28
17.152
16.8
16.384
17.28
18.016
18.112
16.832
16.8
17.312
17.888
18.048
16.384
16.64
17.184
16.96
16.672
17.184
18.176
16.384
17.088
17.76
18.144
16.384
16.448
16.768
16.864
17.92
17.984
17.408
16.608
16.384
17.76
16.384
17.6
17.088
17.824
16.448
16.704
16.544
16.416
17.92
16.768
16.896
16.896
16.416
16.8
17.76
17.792
18.176
17.984
17.056
16.96
16.704
16.672
16.832
17.408
17.536
17.248
17.408
17.888
17.408
17.76
17.024
17.92
17.824
17.12
17.472
17.92
16.992
16.992
16.416
16.8
17.056
17.792
16.384
16.384
16.384
17.472
17.152
17.28
17.44
17.76
16.544
18.016
17.952
16.384
17.856
16.896
16.576
17.056
17.568
17.408
17.44
17.76
17.888
18.336
16.928
16.384
16.384
17.952
17.248
18.432
17.056
17.024
16.384
17.76
16.8
16.672
17.6
17.056
17.664
18.4
17.152
16.736
16.384
16.512
17.504
18.336
18.432
16.48
16.384
16.384
18.336
16.864
18.144
17.472
17.856
17.728
17.824
16.768
17.632
17.728
17.376
17.152
17.12
17.6
17.792
17.504
17.504
16.928
17.024
17.856
17.184
17.536
16.672
17.184
16.48
17.024
16.64
17.824
16.704
16.544
18.176
16.992
16.768
17.696
16.96
16.96
16.768
18.432
17.536
16.928
17.088
17.088
17.12
17.248
16.384
17.248
16.384
16.96
17.056
17.6
16.48
17.984
17.92
18.112
12.064
17.152
17.632
17.696
17.024
17.92
17.568
16.544
16.416
17.568
16.928
17.856
17.216
17.312
17.088
16.544
16.416
17.152
17.12
17.76
17.824
16.928
16.384
17.056
17.984
16.384
17.088
16.96
17.056
17.696
18.208
16.608
16.384
18.176
16.704
16.48
17.184
16.96
16.864
17.92
16.384
17.216
16.384
17.536
17.44
18.176
16.992
16.928
16.384
17.184
17.536
17.28
17.728
16.416
17.728
18.432
16.832
16.832
17.632
17.536
17.76
18.432
16.992
16.992
17.504
16.8
17.76
18.24
16.384
17.056
17.248
17.568
17.536
17.248
17.024
16.448
16.384
16.832
16.384
16.384
17.76
16.768
16.928
16.384
18.24
17.056
17.088
16.736
17.184
17.664
17.6
16.608
18.176
17.088
16.384
18.368
16.992
18.176
16.448
17.792
16.608
17.12
17.568
17.12
17.312
18.144
18.016
17.472
16.384
16.608
17.088
18.304
17.152
17.088
17.696
16.832
16.832
16.672
16.992
17.056
17.472
17.792
16.64
17.024
17.184
17.216
17.248
18.24
16.384
16.384
17.984
17.632
16.384
17.92
16.96
16.832
16.576
18.016
17.92
17.056
16.704
16.608
16.832
16.768
16.992
16.384
16.864
16.64
16.928
16.512
16.384
17.28
17.728
17.216
16.96
17.792
17.44
16.8
17.152
16.736
17.12
16.384
16.384
17.632
17.504
16.416
18.048
17.056
16.384
16.64
16.704
17.472
16.384
17.632
17.664
16.384
16.896
16.384
16.608
18.144
16.416
16.672
17.024
16.864
16.928
18.048
16.384
16.864
16.608
16.384
17.76
17.024
16.96
16.832
17.408
16.384
17.536
17.856
16.48
17.28
16.384
17.024
17.536
17.536
18.016
17.696
16.384
17.6
16.864
16.608
16.992
16.896
16.992
16.736
17.856
16.8
16.416
17.44
17.6
22.528
16.384
17.952
17.792
16.704
16.384
16.512
16.416
17.824
17.92
16.64
17.76
17.6
16.448
17.216
17.024
17.216
16.96
16.576
17.92
16.576
17.216
16.896
16.992
16.672
16.736
17.632
16.384
16.992
17.76
17.088
18.432
17.856
16.928
16.992
17.728
16.384
17.76
17.696
17.664
17.92
16.384
18.368
16.384
16.384
17.024
17.344
17.92
17.728
16.384
17.024
16.768
17.856
16.928
17.6
16.864
16.384
17.216
22.24
17.6
16.544
17.6
17.984
17.44
16.512
17.024
16.96
16.864
17.6
18.144
16.384
16.736
16.704
17.92
17.472
16.384
17.76
16.384
17.376
17.888
16.928
16.672
16.544
16.384
17.12
17.504
18.048
18.048
16.704
16.384
17.632
12.288
16.384
17.216
18.368
16.608
16.544
17.408
16.384
17.312
17.984
16.576
16.672
16.928
16.512
16.96
18.016
16.384
17.92
16.8
18.08
17.824
16.384
16.928
16.48
16.384
16.832
16.832
17.44
16.384
16.384
16.704
17.024
16.384
16.576
17.792
16.64
16.672
16.896
16.544
16.672
16.384
16.416
18.24
16.448
16.608
16.896
16.576
17.216
16.48
17.056
27.52
17.472
16.736
16.384
16.672
16.384
16.832
16.48
16.64
16.384
16.64
16.384
16.864
16.576
16.384
16.64
16.48
17.12
17.6
16.544
16.384
16.384
16.48
16.608
16.384
17.92
16.512
16.416
16.384
16.672
16.448
16.64
16.768
16.384
16.576
16.448
16.384
16.384
16.544
16.736
17.76
16.576
16.384
16.672
16.704
16.672
16.608
16.384
17.536
17.632
16.48
16.704
16.384
17.536
17.056
16.448
17.472
16.384
17.472
16.384
16.544
16.384
16.384
16.512
16.384
17.696
16.768
16.384
16.576
17.76
16.384
17.568
16.384
16.96
17.728
17.44
17.856
16.928
16.672
16.384
16.96
18.368
16.864
16.384
17.792
16.384
16.8
17.76
16.8
16.384
17.472
18.144
16.384
17.504
17.28
17.728
17.504
18.112
16.384
16.48
16.576
16.416
16.384
16.768
16.384
16.384
16.608
17.632
16.544
16.384
16.384
16.64
21.984
16.864
16.384
16.96
16.384
16.48
16.384
16.384
16.672
16.448
16.736
17.568
16.384
16.672
16.384
16.384
16.384
16.384
16.384
16.576
16.736
16.384
17.472
16.672
16.448
16.704
16.704
16.384
16.384
16.384
16.384
16.384
16.8
16.928
16.704
16.576
17.44
16.48
16.928
16.384
16.384
16.544
17.6
16.704
16.384
16.384
16.448
16.704
17.664
20.512
16.64
16.576
16.704
16.672
16.384
16.384
16.384
16.192
16.384
17.44
16.384
16.704
16.512
16.512
16.608
16.384
33.216
16.416
17.408
18.208
16.384
16.384
16.896
16.544
17.088
17.952
17.728
17.6
16.896
16.736
16.928
18.272
16.864
16.608
16.96
17.728
16.384
16.384
16.384
16.608
16.384
16.576
16.288
17.472
16.736
17.696
16.672
17.792
17.44
17.696
17.12
16.928
17.024
17.728
17.088
17.056
17.728
18.016
16.8
