67.68
14.112
10.848
11.904
11.84
11.072
11.072
11.744
12.288
10.88
10.944
10.72
11.712
12.128
10.24
10.24
12.288
11.392
10.432
10.784
11.648
10.24
10.4
10.72
10.336
11.104
10.816
11.296
10.688
10.688
10.88
10.304
11.808
10.72
10.304
10.688
10.24
12.064
11.264
10.592
10.336
10.656
11.68
11.2
11.584
10.688
10.528
18.432
10.688
11.776
12.288
11.008
11.712
11.808
11.808
11.456
11.776
11.072
11.872
11.04
12.256
10.752
12.032
10.72
10.528
10.752
10.752
10.432
10.24
10.656
10.432
11.776
10.272
10.816
28.416
10.88
10.56
10.24
12.032
10.912
10.56
10.272
11.584
12.064
10.688
11.872
12.128
10.528
10.304
11.392
11.616
11.712
12.128
10.752
10.56
10.24
10.304
11.776
11.04
10.912
10.88
12.16
10.752
11.488
11.648
10.432
11.584
10.24
10.592
10.24
10.496
10.88
10.24
6.208
10.4
10.656
11.584
10.496
11.072
11.36
11.392
10.72
11.52
10.432
11.84
10.688
10.496
12.16
10.336
11.712
11.264
10.464
10.24
10.592
11.296
10.496
11.488
11.712
11.712
10.72
10.592
11.968
11.968
10.304
10.944
10.24
10.4
11.424
10.464
10.752
10.432
11.904
10.56
10.464
10.24
10.656
10.848
11.712
11.84
10.24
11.648
11.296
10.656
11.36
10.4
11.648
11.328
10.464
12.128
11.584
10.272
10.304
11.616
10.592
10.24
10.88
12.192
10.24
11.616
10.72
10.816
11.36
10.976
10.24
11.744
10.592
12.032
10.24
10.528
10.624
10.24
10.592
12
10.304
10.368
10.4
10.56
11.36
10.848
10.848
10.24
10.56
11.872
10.24
10.784
10.24
11.776
10.464
10.912
10.944
10.496
11.456
10.816
18.272
10.976
11.52
10.24
10.496
10.496
11.968
10.752
11.936
11.904
11.552
10.592
10.592
10.72
11.36
11.072
10.976
10.816
12.128
10.624
10.336
12.096
11.328
10.816
10.56
10.816
10.24
10.592
11.904
10.816
10.688
11.616
10.432
10.816
12.288
11.328
11.296
10.528
11.264
10.848
10.464
10.784
12.288
10.528
11.52
13.792
10.912
10.24
10.592
10.464
11.552
10.88
13.568
12.256
11.872
15.392
11.168
14.976
12.288
12.192
11.808
12.832
11.008
12
12.288
11.872
17.248
11.68
12.32
11.072
11.232
10.72
11.616
10.304
11.744
10.24
10.24
10.944
11.616
10.72
10.24
11.776
10.272
11.136
11.488
10.816
11.52
10.304
10.752
10.24
11.904
10.944
11.168
11.488
10.336
17.344
12.16
11.872
11.36
27.168
12.192
10.656
10.624
11.744
11.232
11.712
11.808
11.2
11.584
12.128
11.04
10.592
11.328
12
11.552
11.04
11.872
11.872
11.232
10.976
11.488
11.904
10.688
11.616
10.56
10.336
11.328
10.784
10.784
10.336
11.072
11.712
11.36
10.816
10.24
11.808
11.712
10.656
11.36
10.24
10.592
11.456
10.304
11.616
12.64
12.064
12.256
10.24
10.24
10.752
10.24
10.656
11.84
11.904
10.24
10.464
10.24
10.752
11.328
10.784
11.616
11.328
10.464
12.064
10.784
10.528
11.872
11.488
12
12.224
10.624
11.296
11.744
11.136
10.784
11.712
10.912
10.56
11.456
11.968
11.2
12
12.288
10.496
10.272
10.304
11.584
10.976
11.104
12.288
10.848
10.304
10.336
10.24
11.648
11.744
11.712
11.136
10.24
20.576
11.84
11.68
10.24
11.328
10.816
11.456
10.24
10.24
10.592
10.88
11.328
10.752
10.848
10.272
10.88
12.192
10.24
11.264
10.464
10.944
11.328
10.4
12.224
10.848
12.192
10.624
11.36
10.624
10.24
10.816
12
11.424
10.24
10.976
10.24
10.88
10.784
11.552
10.528
11.616
10.304
10.88
10.24
10.304
11.008
11.456
10.592
12.096
12
11.36
10.24
10.944
11.936
10.24
10.24
10.688
10.56
10.72
11.648
10.688
10.784
11.648
10.4
11.84
10.24
12.032
10.24
10.688
10.24
10.784
11.488
10.432
6.144
14.752
10.24
10.912
11.584
10.304
11.552
10.336
10.752
10.24
10.688
10.24
10.56
28.128
12.032
11.04
10.24
11.232
11.584
11.776
12.288
11.328
11.264
11.744
11.04
10.56
12.032
11.648
11.904
12.128
10.592
11.392
11.584
11.264
10.592
11.552
11.52
18.016
11.552
10.4
10.816
11.328
10.24
10.496
10.592
11.424
10.464
11.936
11.52
10.688
11.648
11.328
10.72
11.328
10.56
10.816
10.24
10.784
10.688
10.24
10.56
10.24
10.368
11.68
10.784
10.24
10.336
10.88
10.24
10.56
11.392
10.752
10.24
10.848
11.744
11.648
11.488
10.752
10.752
10.24
10.976
11.648
10.24
10.848
11.52
10.816
10.24
10.624
11.712
11.584
10.24
11.104
10.464
10.848
11.456
11.68
10.496
10.784
10.432
10.24
10.784
11.52
10.24
10.752
11.456
10.24
10.688
10.24
10.56
10.24
10.624
10.24
10.304
10.24
10.912
11.296
10.72
11.36
10.752
11.168
10.272
10.496
12.192
11.328
10.432
10.944
11.68
11.52
10.24
10.784
11.392
10.432
12.16
10.24
10.464
10.24
10.816
12.288
10.336
11.456
11.456
11.456
11.168
10.944
10.912
11.712
12.032
11.008
10.88
10.24
11.52
12
10.976
10.816
10.24
12.256
11.136
11.104
10.4
11.52
11.744
11.136
10.688
11.424
11.808
10.432
10.496
16.384
11.104
11.936
10.656
11.552
11.744
10.944
10.624
11.776
11.04
11.456
11.68
11.104
11.296
12.256
11.968
11.264
10.496
10.912
11.488
11.904
10.944
10.72
11.776
12.224
10.4
11.424
11.712
12
11.072
10.976
10.336
10.464
11.52
12.192
10.976
11.488
11.744
12.064
10.272
11.872
11.36
11.68
11.808
12
11.008
11.84
12.288
10.496
11.712
11.776
10.784
10.72
11.84
12.288
11.68
11.52
11.968
11.2
10.24
11.936
11.712
10.88
11.36
12.192
12.064
12.16
12.032
10.944
10.88
10.4
11.808
11.2
11.648
12.032
11.904
11.2
12.16
12.256
11.648
12.288
10.688
10.656
10.368
11.84
11.04
11.04
10.24
11.52
17.76
12.096
10.72
10.304
11.84
11.136
11.008
11.264
11.968
10.72
10.592
11.456
12.128
11.264
10.912
10.656
11.52
11.04
12.288
11.072
10.784
11.584
11.072
11.84
10.944
10.592
11.456
11.872
11.808
11.456
11.936
11.296
11.456
11.936
11.392
11.264
12
10.816
10.656
10.368
12.064
10.72
10.976
10.24
10.56
11.84
10.496
11.424
10.4
12.288
10.24
10.656
11.264
10.816
10.976
11.296
10.88
11.264
10.816
10.336
10.368
10.624
10.72
11.424
10.56
11.84
11.52
10.432
11.552
10.592
10.24
10.752
10.432
12.192
11.264
10.656
11.584
10.368
10.24
10.784
11.456
10.72
11.648
10.4
10.24
10.24
12.288
11.36
10.592
11.424
11.712
10.784
11.008
11.104
11.296
10.72
11.744
10.4
11.328
10.24
10.88
11.552
10.24
10.656
11.392
10.816
10.816
29.248
10.624
11.36
14.336
11.648
10.432
11.616
10.688
11.36
10.592
11.456
10.24
10.88
10.24
10.592
10.24
10.432
10.816
10.24
10.816
10.24
10.752
16.256
11.296
10.368
11.744
10.72
11.616
11.552
10.304
11.008
10.624
10.304
12.288
11.456
10.496
11.872
10.24
10.56
11.712
10.72
14.336
10.624
10.848
11.616
10.816
10.24
10.24
11.968
11.808
11.808
11.584
10.656
11.616
10.72
11.456
11.776
11.072
11.52
12.16
11.904
12.096
11.232
10.88
10.944
10.912
10.272
12.064
10.944
11.84
10.912
10.24
11.2
20.288
12.288
10.688
11.68
12.032
12.064
10.816
11.84
12.288
10.528
11.456
12.288
10.656
14.528
14.336
14.624
14.272
14.336
14.272
14.048
14.208
13.984
14.336
14.336
13.824
12.48
14.336
13.28
14.336
15.392
13.248
12.736
14.336
20.992
12.928
13.536
14.208
13.92
12.928
13.856
12.736
15.52
14.08
14.24
14.336
14.176
14.336
22.4
14.336
18.336
18.432
20.448
21.088
14.336
11.04
12.288
10.656
11.584
12.256
11.36
11.808
10.24
12.256
12.096
12.064
11.168
10.848
10.24
12.16
10.624
12
14.336
14.72
14.88
14.336
14.816
14.336
14.432
14.848
