78.112
14.528
12.416
11.904
16.704
12.448
12.256
12.096
17.344
12.288
20.128
17.152
20.096
12.064
18.912
11.552
13.152
17.44
16.544
12.448
18.368
12.192
12.032
12.224
11.328
17.024
17.536
17.536
12.128
12.256
18.24
12.256
12.128
17.696
20.384
12.928
16.96
12.224
11.68
12.544
19.936
20.256
12.16
20.256
18.4
20.448
19.104
12.128
12.256
17.568
18.048
18.176
12.064
19.968
17.248
12.128
11.584
11.872
20.288
19.04
16.832
20.096
17.568
11.584
12.096
12.256
17.568
17.6
17.536
18.88
20.128
11.168
20.224
12.128
19.072
11.872
16.864
19.264
11.264
12.352
12.352
12.032
17.408
19.936
18.496
16.992
16.576
12.192
11.744
17.472
18.048
11.52
17.568
11.872
11.616
12.064
19.424
12.16
16.512
12.096
11.648
12.256
12.064
12.16
12.192
12.16
16.576
12.896
17.344
20.224
12.256
12.096
16.8
17.696
18.368
19.264
13.6
12.416
11.968
11.712
13.472
18.464
12.32
11.232
19.008
18.4
18.688
12.192
20.16
12.32
16.896
19.296
17.632
18.848
20.032
17.408
18.72
11.68
16.48
17.504
18.112
20
12.064
12.608
18.784
17.152
12.64
18.08
19.296
17.696
19.04
18.912
18.048
20.448
18.688
18.144
11.296
19.168
20.192
19.264
12.096
17.472
17.824
12.192
17.504
12.192
11.456
12.128
19.488
16.64
17.088
16.928
17.088
11.936
17.792
20.224
11.296
16.608
18.4
11.296
17.92
17.408
23.296
16.704
18.016
19.936
19.136
11.456
18.784
11.2
18.88
17.472
12.288
17.344
19.584
11.68
11.808
12.544
17.792
17.6
12.352
17.408
11.616
18.016
20
12.288
19.168
17.856
11.296
17.6
19.904
19.136
17.6
16.896
18.432
20.256
16.736
16.736
19.328
17.472
12.192
20.352
18.88
19.136
12.032
12.928
18.432
17.152
12
11.584
12.16
12.352
18.528
12.128
12.352
11.904
11.2
18.432
12.064
12.352
12.192
11.84
18.4
20.096
11.84
16.768
20.096
12.288
17.44
17.024
12.256
12.448
11.84
12.064
12.608
12.416
12
11.744
17.6
11.744
12.384
12.192
12.544
12.448
11.648
12.64
21.12
20.448
11.936
19.616
12.416
12.064
11.968
12.832
12.128
11.52
12.128
11.328
11.904
12.128
18.816
12.288
11.52
11.648
12.448
12.512
11.648
12.768
11.488
20.32
12.16
20.064
11.136
17.024
19.648
12.288
16.896
17.184
11.808
16.512
19.808
12.192
17.344
19.872
16.416
18.048
16.64
19.232
12.096
16.576
18.784
11.904
16.384
30.304
20.096
19.072
12.096
18.976
11.872
16.416
16.544
12.352
17.568
18.176
16.896
18.432
20.16
17.472
18.912
18.368
12.224
20.128
12.032
11.136
19.2
19.936
16.64
12.192
17.728
18.56
12.16
11.712
12.32
18.528
16.768
11.904
19.136
11.36
16.8
16.576
12.16
17.024
18.496
19.04
16.704
19.008
19.168
19.328
12.256
16.448
18.592
16.416
17.696
20.128
18.016
11.84
11.328
12.288
20.256
17.76
11.488
11.424
12.128
11.584
17.6
19.872
12.032
18.592
12.16
20.192
17.984
17.088
19.104
12
17.504
17.376
11.936
18.496
17.152
11.264
19.84
19.104
18.592
19.36
20.16
13.568
19.04
16.896
19.008
11.68
18.368
12.224
12.16
12.064
18.24
17.6
20.288
19.744
11.84
11.488
17.664
11.776
11.52
17.6
17.28
12.32
17.376
16.544
12
12.512
18.912
17.088
17.728
12
18.976
11.968
19.008
17.632
12.064
17.504
18.816
18.432
12.544
17.664
16.576
19.328
16.64
18.176
18.912
20.352
16.512
12.608
11.424
16.512
11.936
16.544
19.84
19.328
12.224
11.168
19.808
11.648
16.64
19.552
18.464
17.664
17.984
20
19.04
12.096
18.208
12.064
18.368
11.712
12.16
11.552
19.872
11.712
17.088
20.192
11.936
16.48
18.368
20.064
12.128
19.072
19.168
12.192
19.68
18.432
12.448
17.568
17.728
12.128
19.296
16.256
20.032
12.192
11.776
17.344
12.064
19.904
17.6
11.616
17.568
16.512
13.408
12.128
18.784
12.128
12.16
18.56
17.76
11.68
11.712
17.088
12.224
17.088
18.944
12.096
20.512
17.6
11.36
11.392
11.648
12.48
18.304
17.6
18.688
19.232
16.64
17.312
18.944
18.24
19.744
19.264
20.288
16.864
17.664
12.32
12.256
11.872
14.656
17.088
20.256
17.632
18.336
17.344
16.96
20.32
20.064
12.32
12.32
11.936
12.128
17.216
11.616
16.512
18.304
11.84
17.312
12.64
12.192
20.352
18.08
17.536
12.192
16.672
19.008
20.352
17.28
12.128
12.416
19.968
12.128
16.512
11.584
19.904
12.192
19.008
12.096
20
12.576
12.416
17.6
12.32
15.36
11.904
12.128
12.064
11.264
17.952
12.096
11.168
11.456
16.64
12.064
12.064
12.288
12.096
12.16
11.648
11.328
17.44
12.064
11.296
20.384
16.416
12.224
12.064
11.424
12.48
11.36
16.384
20.032
11.84
18.368
19.68
11.776
12.128
17.76
18.368
12.064
17.888
17.408
11.904
12.064
16.64
12.096
12.128
19.36
12.032
12
11.648
20.16
12.288
17.344
17.408
16.544
19.296
12
11.936
12.192
19.296
12.256
12.448
12.032
12.224
12.736
12.288
12.352
12.352
12.128
12.192
11.776
12.192
12.128
11.936
11.936
18.368
16.448
11.392
11.072
12.384
11.744
12.064
12.096
11.168
17.472
12.096
11.968
17.792
18.752
12.128
12.128
18.4
19.968
11.456
12.16
19.68
11.552
11.52
20.096
11.776
16.512
19.84
12.32
20.512
19.168
17.312
12.672
18.208
17.856
12.128
12.128
17.76
13.088
17.376
18.432
18.72
93.28
18.656
11.936
17.6
18.496
19.904
20.448
13.024
16.64
18.464
17.408
16.448
12.16
12
17.312
11.52
19.52
17.376
14.272
17.76
17.888
17.536
17.344
18.432
19.936
16.512
17.792
20.256
12.352
17.376
19.936
20.128
19.968
19.712
19.904
11.584
12.128
12.032
12.032
19.904
12.16
16.544
16.32
18.176
12.16
12.32
20.288
16.8
12.288
12.288
17.216
12
18.304
19.296
17.504
12
19.744
11.872
12.576
12.576
12.384
11.104
11.584
12.288
12.832
11.2
12.096
12.128
12.064
12.16
12.128
18.784
11.552
12.8
17.216
11.712
11.296
12
11.2
12.64
11.872
17.536
18.208
17.856
20.224
19.328
16.576
16.64
17.632
16.704
18.88
14.912
12.384
19.936
20.096
19.776
11.712
12.224
20.032
16.768
19.424
18.08
11.296
17.312
20.32
17.504
17.952
17.504
18.112
11.296
20.288
20.096
12.064
17.216
18.048
12.608
11.008
12.32
11.456
12.192
12.128
11.36
12.192
17.44
19.936
16.672
11.04
16.672
11.616
17.216
19.744
17.888
12.352
12.064
11.872
17.344
11.68
11.136
20.128
19.424
18.24
11.424
18.784
16.864
12.224
17.12
19.104
12.288
19.808
12.032
16.928
18.848
18.656
14.432
12.256
17.152
18.112
11.52
19.904
17.824
11.744
11.904
11.328
17.312
15.296
18.912
16.96
19.104
12.128
15.168
19.808
16.768
12.16
17.472
17.856
19.84
11.488
18.624
19.872
18.048
16.736
18.912
20.064
11.936
12.256
20.192
12.192
18.784
16.064
11.968
13.248
19.36
15.52
18.624
28.48
17.76
17.664
18.144
11.904
17.536
16.896
11.968
12.288
18.56
11.68
18.976
17.664
17.376
12.256
20.224
16.608
19.712
18.112
19.552
17.344
11.296
17.376
17.568
18.752
20
17.376
18.176
20.576
18.976
12.896
12.352
12
18.112
12.032
20.16
17.504
13.632
17.76
18.72
18.816
17.76
19.744
18.912
12.224
17.536
17.696
17.408
19.84
17.216
12.16
17.536
19.904
18.048
19.936
17.792
17.856
22.624
17.632
12.448
11.264
17.216
19.104
17.536
16.96
28.096
18.912
20.256
18.08
13.056
11.904
19.072
19.744
12.128
19.968
16.32
11.84
11.936
11.872
12.16
15.008
12.096
17.824
18.176
17.024
12.352
12.256
19.872
18.4
12.512
12.192
18.912
12.224
18.336
11.552
16.768
17.632
17.984
18.816
12.32
18.912
12.096
11.936
11.712
19.712
17.056
12.224
16.704
19.872
12.224
18.56
17.184
11.584
17.728
11.648
17.088
